2
116 144 72 61
43 0 7 1 38 0 12 1 68 41 3 1 101 88 38 1 119 103 56 1 132 119 95 1 163 147 107 1 234 172 157 1 203 171 173 1 222 175 128 1 207 164 152 1 207 189 148 1 228 178 125 1 230 187 133 1 242 205 132 1 206 204 198 1 170 129 133 1 174 151 110 1 159 125 108 1 110 71 65 1 79 85 32 1 31 17 2 1 32 42 19 1 48 14 0 1 40 43 25 1 42 39 10 1 62 31 16 1 26 1 16 1 47 29 45 1 81 39 29 1 56 32 16 1 0 0 0 0 72 32 53 1 75 30 52 1 41 37 35 1 40 37 39 1 45 17 0 1 15 13 14 1 20 29 4 1 14 5 0 1 28 0 9 1 27 0 13 1 9 0 0 1 2 0 0 1 35 16 0 1 10 0 3 1 0 0 0 0 23 0 4 1 26 22 31 1 10 16 5 1 15 0 0 1 22 3 3 1 24 0 0 1 10 0 0 1 19 0 17 1 10 15 0 1 24 15 0 1 0 0 21 1 4 0 4 1 0 12 0 1 10 5 0 1
50 40 41 1 46 8 0 1 36 22 0 1 71 21 14 1 86 53 10 1 126 79 71 1 147 120 77 1 153 95 105 1 227 171 158 1 232 177 142 1 225 197 171 1 213 184 150 1 0 0 0 0 0 0 0 0 227 199 162 1 220 182 147 1 48 30 20 1 80 75 37 1 83 60 62 1 76 54 13 1 81 45 0 1 64 32 28 1 64 63 24 1 25 20 23 1 58 19 35 1 0 0 0 0 69 41 2 1 57 38 11 1 56 55 31 1 61 52 68 1 49 40 37 1 70 65 51 1 71 32 23 1 57 28 72 1 60 42 30 1 39 34 23 1 37 45 35 1 69 76 52 1 50 56 66 1 71 37 45 1 26 5 0 1 53 5 27 1 29 9 0 1 38 33 9 1 42 8 24 1 15 0 7 1 26 3 0 1 15 0 0 1 15 55 0 1 6 13 28 1 37 0 6 1 39 9 0 1 0 0 0 0 20 7 0 1 24 11 30 1 8 0 6 1 0 20 5 1 0 0 24 1 21 21 15 1 8 13 23 1 0 0 0 1
73 40 26 1 65 28 3 1 0 0 0 0 71 23 0 1 53 0 4 1 89 46 34 1 120 65 55 1 112 93 54 1 160 116 131 1 0 0 0 0 221 167 160 1 240 190 173 1 238 196 176 1 211 197 150 1 162 143 120 1 143 111 75 1 56 33 20 1 0 0 0 0 80 88 41 1 87 27 38 1 67 69 35 1 109 93 36 1 85 72 60 1 65 30 29 1 77 35 14 1 64 42 31 1 56 27 9 1 57 45 17 1 73 36 0 1 79 54 19 1 62 43 14 1 41 11 23 1 76 41 37 1 45 31 16 1 68 32 0 1 68 16 31 1 77 30 0 1 67 37 36 1 88 55 38 1 67 32 28 1 56 35 2 1 54 23 13 1 66 54 7 1 57 35 1 1 67 33 0 1 74 11 0 1 0 0 0 0 50 11 8 1 53 0 0 1 16 13 5 1 24 0 0 1 21 0 15 1 23 0 0 1 0 0 0 0 17 0 0 1 18 0 0 1 25 13 0 1 10 0 0 1 33 5 3 1 10 11 15 1 38 4 0 1
97 85 38 1 57 5 0 1 65 45 9 1 81 38 28 1 0 0 0 0 76 75 33 1 68 25 33 1 0 0 0 0 117 92 78 1 189 159 127 1 188 151 141 1 202 179 155 1 247 208 176 1 184 170 138 1 121 94 75 1 59 52 19 1 70 69 33 1 41 60 28 1 72 31 55 1 71 67 41 1 54 59 52 1 0 0 0 0 29 26 29 1 0 0 0 0 77 53 20 1 76 43 20 1 35 36 20 1 55 47 27 1 91 76 46 1 57 54 50 1 127 67 57 1 80 57 57 1 120 75 56 1 75 55 54 1 94 60 17 1 97 41 35 1 86 62 52 1 103 63 55 1 114 72 46 1 89 70 57 1 85 59 16 1 93 76 50 1 108 80 74 1 126 105 82 1 126 95 74 1 136 94 71 1 114 94 57 1 124 84 38 1 119 86 59 1 57 42 8 1 39 22 6 1 49 36 46 1 94 35 10 1 20 46 0 1 53 16 19 1 35 28 0 1 33 22 10 1 32 12 27 1 30 21 15 1 41 15 2 1 36 25 0 1
168 105 88 1 145 83 49 1 89 36 32 1 61 34 9 1 55 27 13 1 51 33 0 1 43 16 0 1 62 31 25 1 98 74 62 1 83 66 56 1 143 144 128 1 201 170 179 1 119 97 82 1 96 63 18 1 51 38 32 1 49 18 0 1 88 49 47 1 57 43 32 1 0 0 0 0 0 0 0 0 56 31 7 1 51 30 22 1 0 0 0 0 99 66 61 1 69 53 23 1 92 48 39 1 108 72 49 1 128 98 67 1 0 0 0 0 128 99 64 1 157 90 80 1 146 83 64 1 105 84 59 1 141 86 37 1 160 93 52 1 153 108 79 1 0 0 0 0 154 71 57 1 179 112 50 1 195 117 79 1 136 106 32 1 163 131 30 1 175 109 68 1 150 108 48 1 150 82 66 1 117 81 41 1 139 71 42 1 138 96 44 1 0 0 0 0 119 102 58 1 117 61 43 1 135 60 50 1 0 0 0 0 115 67 33 1 116 35 28 1 119 74 22 1 100 71 29 1 92 47 22 1 97 58 26 1 0 0 0 0 130 58 45 1
158 104 80 1 162 135 103 1 154 117 70 1 88 42 45 1 57 19 0 1 47 45 2 1 44 16 39 1 65 29 21 1 57 50 65 1 94 73 74 1 132 134 85 1 147 87 98 1 82 44 24 1 0 0 0 0 79 56 30 1 79 68 35 1 59 44 43 1 70 71 39 1 91 65 33 1 64 65 33 1 79 35 0 1 0 0 0 0 93 49 23 1 90 42 29 1 107 64 26 1 86 71 51 1 0 0 0 0 138 96 81 1 142 114 65 1 170 116 79 1 0 0 0 0 178 109 84 1 170 116 83 1 180 116 60 1 154 129 93 1 166 84 69 1 145 124 57 1 192 108 87 1 201 96 52 1 184 107 65 1 138 98 56 1 140 93 61 1 177 95 64 1 179 100 81 1 153 94 55 1 166 102 48 1 150 86 74 1 154 75 58 1 137 69 42 1 142 100 53 1 171 83 56 1 134 76 54 1 132 83 71 1 161 91 10 1 0 0 0 0 163 92 52 1 154 106 65 1 159 91 36 1 133 79 68 1 145 100 61 1 129 94 48 1
146 85 54 1 169 94 72 1 149 100 84 1 0 0 0 0 74 17 0 1 55 12 0 1 81 39 15 1 50 34 3 1 73 30 0 1 92 57 34 1 99 88 36 1 93 74 54 1 101 61 36 1 85 78 22 1 95 76 43 1 112 55 34 1 72 43 30 1 86 57 18 1 71 11 9 1 78 49 0 1 65 43 25 1 98 60 44 1 117 97 50 1 112 61 55 1 182 106 81 1 192 101 74 1 187 128 88 1 203 159 102 1 224 159 135 1 219 150 116 1 227 157 110 1 212 148 115 1 225 140 122 1 244 158 116 1 217 177 101 1 0 0 0 0 220 135 123 1 229 157 104 1 203 122 82 1 205 134 48 1 187 67 52 1 204 107 80 1 174 111 51 1 172 113 70 1 170 86 60 1 180 113 73 1 0 0 0 0 193 114 86 1 200 90 62 1 205 106 49 1 190 95 71 1 186 85 57 1 190 105 50 1 173 108 63 1 176 68 74 1 185 94 83 1 168 97 48 1 0 0 0 0 169 98 62 1 157 107 57 1 157 61 18 1
159 103 56 1 211 91 77 1 175 125 94 1 145 104 90 1 99 37 13 1 79 41 24 1 49 33 21 1 94 44 11 1 84 44 46 1 0 0 0 0 70 54 10 1 93 83 48 1 84 61 52 1 72 66 24 1 61 35 18 1 65 54 45 1 95 49 30 1 69 62 5 1 109 80 37 1 116 100 60 1 153 100 77 1 158 126 88 1 187 138 107 1 187 121 110 1 0 0 0 0 0 0 0 0 208 151 117 1 223 171 148 1 222 177 142 1 215 175 106 1 223 157 109 1 218 151 111 1 200 135 107 1 218 125 98 1 213 134 87 1 223 137 118 1 209 142 104 1 213 137 108 1 204 118 94 1 196 108 69 1 226 131 122 1 230 125 79 1 0 0 0 0 199 101 108 1 192 109 76 1 202 121 84 1 204 115 87 1 199 106 76 1 174 87 59 1 214 113 59 1 185 109 75 1 187 93 60 1 191 105 55 1 214 110 85 1 186 134 64 1 200 109 56 1 180 104 60 1 173 74 53 1 191 90 71 1 147 94 60 1 190 83 44 1
173 117 46 1 0 0 0 0 185 89 83 1 153 84 88 1 136 74 45 1 0 0 0 0 87 29 24 1 104 47 28 1 62 33 35 1 58 28 20 1 72 77 9 1 108 51 18 1 79 60 18 1 72 47 13 1 140 56 49 1 157 90 88 1 0 0 0 0 179 119 86 1 191 157 114 1 225 151 140 1 231 182 126 1 247 189 146 1 0 0 0 0 229 167 125 1 216 137 107 1 221 162 116 1 247 160 140 1 232 143 123 1 0 0 0 0 215 140 106 1 231 159 83 1 203 145 88 1 253 153 99 1 222 114 113 1 226 149 111 1 226 140 125 1 233 152 99 1 229 149 97 1 251 149 88 1 209 127 88 1 234 132 100 1 244 127 75 1 213 150 90 1 248 134 103 1 243 150 109 1 227 138 103 1 216 122 72 1 192 112 84 1 191 106 59 1 206 92 76 1 189 105 71 1 223 103 68 1 178 82 52 1 0 0 0 0 217 97 91 1 190 77 63 1 193 104 61 1 192 101 44 1 176 70 61 1 183 73 67 1 0 0 0 0
162 76 61 1 139 88 55 1 0 0 0 0 179 102 76 1 0 0 0 0 113 88 27 1 98 65 47 1 114 95 31 1 93 51 26 1 112 59 34 1 128 75 65 1 95 48 16 1 96 34 23 1 142 50 39 1 205 127 93 1 187 129 119 1 181 144 104 1 191 158 117 1 208 133 128 1 232 151 127 1 0 0 0 0 214 124 112 1 212 163 93 1 228 152 116 1 211 172 116 1 222 139 126 1 213 158 107 1 246 170 114 1 218 148 129 1 195 145 115 1 0 0 0 0 231 128 116 1 222 128 90 1 217 146 109 1 214 153 114 1 248 136 104 1 253 160 119 1 214 144 102 1 205 133 96 1 0 0 0 0 243 133 97 1 200 132 89 1 201 138 100 1 186 131 93 1 213 122 85 1 205 126 115 1 184 115 88 1 183 93 74 1 195 123 93 1 203 114 56 1 182 107 50 1 174 108 57 1 165 101 58 1 199 75 66 1 187 93 70 1 178 94 60 1 183 88 78 1 168 88 39 1 169 84 49 1 167 74 41 1 166 84 55 1
173 119 39 1 161 78 54 1 146 113 53 1 201 108 91 1 151 107 72 1 130 81 31 1 145 75 36 1 129 103 58 1 95 93 35 1 109 75 26 1 122 67 31 1 88 54 14 1 159 98 42 1 0 0 0 0 221 153 81 1 183 159 55 1 226 166 77 1 224 145 111 1 219 150 122 1 222 132 93 1 193 155 109 1 211 142 103 1 225 125 95 1 0 0 0 0 226 138 76 1 226 132 98 1 213 127 102 1 229 132 114 1 197 133 130 1 204 132 96 1 223 144 103 1 212 160 101 1 207 154 113 1 233 143 103 1 0 0 0 0 231 139 122 1 225 139 120 1 241 139 118 1 212 142 115 1 221 125 115 1 226 131 79 1 203 137 115 1 234 124 118 1 0 0 0 0 0 0 0 0 217 122 132 1 173 129 97 1 0 0 0 0 222 97 51 1 195 94 47 1 201 78 63 1 189 81 40 1 177 79 56 1 176 88 50 1 210 112 73 1 179 75 41 1 185 108 45 1 173 95 59 1 162 67 72 1 163 80 54 1 154 87 44 1
170 95 60 1 198 70 54 1 181 89 61 1 155 108 52 1 0 0 0 0 144 87 76 1 147 81 65 1 151 85 51 1 157 100 66 1 132 109 63 1 130 119 51 1 153 109 73 1 209 149 85 1 189 152 108 1 229 133 100 1 212 123 112 1 207 153 83 1 191 115 95 1 213 142 128 1 0 0 0 0 0 0 0 0 216 147 105 1 193 119 109 1 212 125 119 1 228 148 114 1 210 129 113 1 225 130 106 1 230 148 114 1 225 128 142 1 246 139 130 1 222 141 102 1 0 0 0 0 223 122 96 1 217 139 105 1 206 118 90 1 216 105 94 1 196 114 83 1 203 146 83 1 194 146 81 1 190 103 58 1 216 139 91 1 202 145 99 1 216 130 124 1 188 133 103 1 204 128 95 1 203 124 76 1 186 113 83 1 188 103 64 1 213 118 38 1 182 77 68 1 200 89 57 1 176 91 45 1 171 75 44 1 175 97 64 1 172 103 80 1 179 82 29 1 164 102 47 1 201 81 45 1 153 94 57 1 0 0 0 0 162 94 37 1
195 94 64 1 181 93 37 1 190 96 55 1 179 102 53 1 180 115 48 1 198 118 77 1 190 135 85 1 154 106 54 1 151 58 40 1 166 89 46 1 195 130 88 1 190 140 94 1 186 96 67 1 201 140 73 1 208 135 99 1 202 152 90 1 222 130 91 1 215 124 94 1 186 134 79 1 0 0 0 0 218 143 114 1 208 143 111 1 244 139 103 1 248 169 114 1 209 133 117 1 192 146 121 1 206 162 112 1 223 151 90 1 226 164 120 1 0 0 0 0 210 134 100 1 205 116 88 1 204 116 98 1 213 122 89 1 220 127 74 1 221 143 92 1 0 0 0 0 199 127 94 1 196 149 89 1 212 126 89 1 217 144 69 1 198 139 65 1 215 132 80 1 193 142 69 1 189 111 71 1 219 123 104 1 182 110 71 1 210 122 75 1 204 93 83 1 181 99 44 1 164 93 48 1 0 0 0 0 191 131 63 1 0 0 0 0 176 84 70 1 143 91 62 1 157 81 46 1 171 66 13 1 160 79 42 1 174 63 41 1 160 55 41 1
178 94 30 1 179 86 65 1 176 70 73 1 0 0 0 0 182 105 55 1 193 123 68 1 196 125 89 1 181 110 82 1 199 123 84 1 218 127 73 1 227 157 101 1 192 135 84 1 183 125 107 1 169 136 63 1 237 146 81 1 211 124 89 1 218 162 102 1 214 109 122 1 214 148 92 1 192 137 117 1 210 122 110 1 207 112 69 1 240 127 98 1 213 150 110 1 231 142 98 1 225 129 103 1 212 152 104 1 217 132 109 1 229 144 121 1 235 128 120 1 222 141 107 1 210 117 88 1 195 136 75 1 212 146 97 1 230 124 114 1 222 138 90 1 206 140 102 1 193 130 81 1 212 99 113 1 0 0 0 0 187 133 75 1 200 129 105 1 226 120 56 1 178 121 75 1 177 98 62 1 192 101 66 1 0 0 0 0 170 85 51 1 165 81 30 1 159 92 38 1 175 86 62 1 176 87 60 1 172 89 60 1 184 55 41 1 0 0 0 0 153 76 15 1 173 67 43 1 0 0 0 0 159 51 8 1 135 68 19 1 139 61 18 1
175 115 46 1 177 97 59 1 171 97 67 1 184 107 64 1 169 94 70 1 190 124 90 1 219 123 69 1 207 130 104 1 217 124 88 1 200 140 99 1 214 123 98 1 236 131 83 1 201 135 51 1 228 123 59 1 215 143 109 1 211 148 107 1 187 111 81 1 0 0 0 0 202 125 106 1 207 129 99 1 197 145 107 1 236 127 90 1 0 0 0 0 242 158 109 1 225 131 120 1 221 124 98 1 205 115 75 1 243 140 103 1 224 128 118 1 215 189 88 1 214 127 73 1 207 98 94 1 216 139 112 1 215 142 91 1 217 115 85 1 218 121 97 1 231 137 99 1 199 115 104 1 219 116 80 1 200 131 89 1 206 145 82 1 180 99 75 1 183 121 56 1 216 127 64 1 195 89 43 1 200 99 58 1 197 100 78 1 190 90 72 1 175 66 53 1 176 90 56 1 0 0 0 0 177 107 55 1 172 91 51 1 152 90 45 1 165 41 33 1 159 74 13 1 160 60 49 1 161 67 58 1 147 52 23 1 153 67 47 1 125 58 47 1
0 0 0 0 164 95 64 1 189 94 65 1 0 0 0 0 179 105 88 1 198 120 92 1 238 120 103 1 202 125 108 1 207 132 92 1 202 104 48 1 0 0 0 0 187 96 63 1 174 70 45 1 198 99 61 1 189 120 64 1 198 129 67 1 202 122 106 1 0 0 0 0 191 118 100 1 200 155 85 1 188 148 91 1 208 134 108 1 215 141 100 1 218 158 88 1 207 154 114 1 205 120 92 1 198 148 90 1 213 124 104 1 209 126 84 1 211 141 84 1 229 137 93 1 194 153 134 1 183 127 88 1 193 135 84 1 191 116 80 1 226 133 70 1 200 129 98 1 0 0 0 0 191 137 102 1 178 122 101 1 196 116 71 1 0 0 0 0 186 119 47 1 218 106 70 1 161 88 53 1 177 89 48 1 166 80 51 1 173 87 60 1 145 108 47 1 158 87 52 1 191 103 68 1 179 98 42 1 172 71 74 1 164 97 46 1 168 64 68 1 156 56 27 1 159 101 48 1 167 63 42 1 160 65 10 1 132 75 18 1 138 63 35 1
193 84 101 1 159 94 35 1 209 96 69 1 185 105 74 1 178 82 67 1 0 0 0 0 186 107 63 1 201 94 48 1 204 99 69 1 0 0 0 0 187 101 45 1 166 75 39 1 180 82 51 1 160 109 30 1 184 121 35 1 198 133 109 1 208 128 79 1 191 105 66 1 216 147 83 1 195 118 81 1 222 154 114 1 221 130 101 1 220 124 113 1 213 116 107 1 233 159 85 1 228 126 62 1 205 168 97 1 228 119 98 1 213 135 89 1 213 109 112 1 203 128 80 1 207 119 86 1 204 120 74 1 188 113 83 1 179 130 81 1 226 122 72 1 227 116 86 1 178 119 45 1 206 102 64 1 198 88 47 1 0 0 0 0 177 60 65 1 163 90 54 1 180 115 37 1 189 98 43 1 180 76 41 1 165 102 56 1 182 86 70 1 166 84 43 1 176 76 62 1 164 75 51 1 164 83 31 1 164 61 29 1 158 73 35 1 186 41 62 1 146 58 25 1 146 59 12 1 148 76 54 1 144 65 25 1 148 30 22 1 132 55 36 1
156 76 58 1 155 64 47 1 163 94 45 1 178 100 57 1 210 93 92 1 194 109 68 1 198 118 68 1 216 126 58 1 213 130 91 1 221 114 89 1 204 131 94 1 200 108 55 1 184 93 63 1 164 89 73 1 200 119 58 1 216 96 63 1 200 146 108 1 0 0 0 0 215 144 110 1 195 135 100 1 223 142 109 1 213 140 109 1 225 136 72 1 200 147 86 1 217 107 87 1 196 113 77 1 218 120 88 1 200 134 90 1 221 147 107 1 231 110 105 1 0 0 0 0 206 112 99 1 197 118 79 1 181 92 44 1 192 123 76 1 0 0 0 0 216 119 65 1 201 90 68 1 187 118 78 1 0 0 0 0 183 96 49 1 194 82 61 1 0 0 0 0 166 49 35 1 157 97 68 1 189 66 33 1 151 73 23 1 174 53 40 1 167 90 74 1 188 73 43 1 148 68 26 1 145 69 21 1 163 90 22 1 154 56 35 1 139 42 23 1 157 55 46 1 0 0 0 0 148 37 40 1 160 43 61 1 142 37 8 1 123 78 35 1
196 97 70 1 185 85 49 1 0 0 0 0 188 110 80 1 182 115 68 1 213 95 84 1 211 130 81 1 207 112 84 1 212 139 105 1 216 115 77 1 219 133 114 1 197 142 91 1 244 151 103 1 202 119 102 1 210 141 85 1 222 136 96 1 223 152 116 1 225 140 98 1 191 138 86 1 212 163 98 1 212 158 110 1 214 132 88 1 226 116 93 1 218 137 90 1 200 120 89 1 214 123 71 1 233 136 111 1 241 128 101 1 209 117 89 1 215 122 78 1 0 0 0 0 190 94 76 1 204 110 63 1 179 100 91 1 196 97 70 1 238 151 105 1 228 115 92 1 205 125 103 1 235 126 97 1 179 106 68 1 206 76 36 1 171 76 45 1 168 80 36 1 168 64 40 1 189 89 56 1 172 79 31 1 0 0 0 0 169 77 45 1 186 62 26 1 0 0 0 0 174 79 24 1 177 93 22 1 150 65 30 1 132 72 34 1 156 49 28 1 162 72 0 1 150 58 36 1 162 65 42 1 143 43 38 1 137 44 19 1 136 66 25 1
0 0 0 0 165 76 52 1 173 102 63 1 182 77 40 1 178 93 60 1 0 0 0 0 206 140 71 1 200 126 84 1 198 123 83 1 0 0 0 0 186 110 61 1 188 101 52 1 204 123 91 1 181 121 91 1 233 112 92 1 212 146 109 1 193 107 86 1 200 105 98 1 200 96 83 1 161 130 80 1 202 135 95 1 209 142 104 1 219 120 101 1 178 88 81 1 203 132 84 1 213 134 84 1 220 121 93 1 232 140 101 1 196 144 68 1 212 112 81 1 199 133 72 1 174 107 72 1 196 98 78 1 186 73 73 1 178 99 73 1 204 84 80 1 183 99 69 1 170 88 81 1 200 100 68 1 158 82 50 1 168 53 53 1 154 51 26 1 168 63 53 1 150 75 40 1 0 0 0 0 168 52 49 1 172 78 31 1 157 57 29 1 140 39 41 1 142 73 42 1 142 82 43 1 182 82 55 1 153 90 21 1 165 64 15 1 147 61 44 1 170 59 40 1 150 60 37 1 0 0 0 0 0 0 0 0 119 38 0 1 144 47 30 1
149 90 44 1 153 84 65 1 162 84 41 1 0 0 0 0 0 0 0 0 167 69 29 1 183 88 49 1 0 0 0 0 204 105 72 1 188 135 70 1 200 118 74 1 199 140 85 1 190 133 90 1 195 87 65 1 194 119 84 1 196 111 59 1 214 117 78 1 195 151 84 1 181 109 74 1 198 107 103 1 187 108 85 1 195 128 86 1 181 98 74 1 160 102 58 1 196 122 71 1 199 117 70 1 204 134 79 1 196 98 53 1 191 123 66 1 214 123 37 1 183 105 66 1 180 89 57 1 193 95 80 1 194 121 65 1 186 122 100 1 196 76 74 1 201 90 81 1 174 82 66 1 170 82 27 1 146 78 33 1 182 66 71 1 157 58 36 1 0 0 0 0 150 48 37 1 156 73 29 1 168 58 29 1 159 63 26 1 145 24 14 1 173 85 37 1 167 93 47 1 159 63 69 1 114 73 33 1 155 85 42 1 166 63 41 1 148 82 37 1 139 42 41 1 148 67 24 1 149 67 35 1 0 0 0 0 148 63 24 1 116 53 44 1
127 64 58 1 151 60 47 1 144 84 61 1 173 85 48 1 177 101 38 1 172 82 59 1 178 82 61 1 159 97 67 1 186 118 68 1 175 86 66 1 163 91 53 1 193 123 47 1 210 110 82 1 193 106 67 1 205 122 81 1 195 109 70 1 172 128 76 1 219 119 61 1 206 116 72 1 212 116 89 1 204 136 97 1 197 122 64 1 157 78 58 1 176 127 59 1 191 93 72 1 180 105 79 1 205 97 71 1 205 109 92 1 176 112 82 1 204 117 97 1 193 125 83 1 148 71 26 1 155 71 66 1 197 90 58 1 181 90 57 1 180 90 58 1 185 88 72 1 157 86 62 1 155 67 21 1 143 48 44 1 162 36 31 1 143 70 39 1 167 89 39 1 180 68 55 1 0 0 0 0 149 81 32 1 147 42 37 1 174 68 40 1 162 73 42 1 163 62 50 1 159 57 45 1 140 50 47 1 147 45 12 1 144 49 28 1 148 40 27 1 0 0 0 0 133 75 33 1 0 0 0 0 116 50 26 1 127 50 8 1 114 44 16 1
134 90 43 1 162 79 42 1 150 80 35 1 170 95 35 1 148 92 80 1 0 0 0 0 195 109 86 1 172 96 81 1 184 92 47 1 175 89 57 1 167 87 57 1 197 101 66 1 184 92 78 1 0 0 0 0 162 111 79 1 165 106 78 1 0 0 0 0 189 116 69 1 157 99 55 1 179 90 64 1 173 106 58 1 0 0 0 0 184 136 71 1 207 111 71 1 225 113 69 1 185 116 92 1 205 134 84 1 164 90 56 1 178 78 53 1 183 105 64 1 196 67 53 1 170 80 60 1 177 107 54 1 198 96 55 1 193 77 49 1 180 89 47 1 166 74 51 1 168 68 47 1 207 60 28 1 190 71 33 1 176 35 7 1 154 49 43 1 190 78 56 1 188 95 51 1 154 53 39 1 160 64 17 1 0 0 0 0 151 56 29 1 0 0 0 0 157 49 37 1 137 63 22 1 153 33 16 1 155 50 43 1 153 61 42 1 146 24 33 1 136 52 26 1 145 46 19 1 143 52 18 1 146 31 24 1 140 42 13 1 134 47 27 1
168 103 42 1 163 95 56 1 161 84 53 1 166 106 47 1 184 83 59 1 165 117 64 1 0 0 0 0 156 113 69 1 173 103 29 1 160 88 70 1 184 54 45 1 196 114 47 1 178 103 86 1 194 105 80 1 163 102 38 1 187 117 42 1 191 104 52 1 214 123 56 1 0 0 0 0 172 134 95 1 174 102 84 1 219 127 84 1 201 99 85 1 201 107 90 1 195 119 75 1 189 100 76 1 199 114 73 1 183 114 35 1 151 86 49 1 131 100 28 1 176 78 86 1 0 0 0 0 185 91 37 1 165 98 49 1 160 90 63 1 174 77 62 1 184 67 57 1 146 64 49 1 163 50 54 1 184 75 30 1 159 103 50 1 173 66 48 1 174 92 55 1 181 90 39 1 172 104 25 1 162 58 18 1 160 60 22 1 167 49 56 1 153 61 40 1 151 46 29 1 141 51 32 1 174 56 51 1 147 70 44 1 148 62 41 1 146 42 28 1 135 39 44 1 146 34 40 1 0 0 0 0 165 76 39 1 131 58 17 1 133 31 0 1
139 85 35 1 140 96 39 1 164 90 63 1 178 92 72 1 183 89 80 1 161 115 65 1 174 104 55 1 175 108 78 1 191 97 56 1 191 86 58 1 192 102 64 1 208 146 48 1 194 101 71 1 195 113 80 1 182 96 62 1 173 141 59 1 192 120 63 1 206 101 101 1 190 131 67 1 207 122 74 1 225 142 93 1 208 163 83 1 197 132 102 1 192 111 63 1 194 126 86 1 207 98 95 1 183 97 71 1 167 117 79 1 193 110 40 1 217 103 92 1 199 97 72 1 191 89 48 1 165 104 40 1 171 79 58 1 186 103 44 1 201 94 56 1 0 0 0 0 161 62 84 1 147 75 35 1 172 77 48 1 152 76 32 1 169 73 44 1 154 62 31 1 176 68 9 1 0 0 0 0 172 37 29 1 0 0 0 0 169 76 32 1 164 61 26 1 169 44 17 1 165 59 16 1 168 54 27 1 157 62 46 1 165 43 1 1 153 61 24 1 155 54 21 1 143 44 5 1 123 56 33 1 164 52 54 1 140 51 40 1 130 52 10 1
115 68 12 1 128 57 40 1 134 72 34 1 154 98 47 1 156 94 79 1 177 94 66 1 163 100 44 1 169 100 68 1 177 79 45 1 184 92 67 1 180 101 96 1 178 113 85 1 174 104 65 1 199 95 81 1 168 96 58 1 198 71 59 1 199 108 64 1 204 117 65 1 180 106 73 1 185 105 56 1 192 127 36 1 192 109 61 1 193 118 72 1 194 85 95 1 187 108 58 1 209 86 60 1 187 65 59 1 175 136 54 1 0 0 0 0 0 0 0 0 199 100 65 1 189 94 76 1 199 96 70 1 169 113 67 1 0 0 0 0 0 0 0 0 0 0 0 0 176 73 49 1 153 80 46 1 184 48 61 1 184 50 55 1 157 81 27 1 158 70 55 1 166 49 49 1 0 0 0 0 152 67 52 1 180 93 61 1 161 80 55 1 133 50 49 1 145 33 31 1 142 50 26 1 150 44 23 1 149 57 12 1 159 69 8 1 0 0 0 0 150 54 13 1 128 15 25 1 143 36 14 1 0 0 0 0 165 58 6 1 123 36 25 1
86 40 3 1 110 49 36 1 122 56 20 1 0 0 0 0 134 72 25 1 0 0 0 0 151 91 22 1 150 81 50 1 147 65 35 1 165 97 45 1 175 107 67 1 175 101 66 1 175 74 60 1 190 127 67 1 164 127 66 1 176 118 46 1 178 98 56 1 190 115 80 1 169 117 94 1 205 104 68 1 199 115 85 1 179 101 72 1 180 81 59 1 202 98 83 1 154 103 58 1 177 87 44 1 188 79 47 1 174 81 40 1 152 80 35 1 160 87 68 1 158 108 77 1 177 108 52 1 133 94 54 1 177 93 40 1 185 91 73 1 178 80 53 1 0 0 0 0 162 50 49 1 187 93 57 1 163 71 26 1 0 0 0 0 172 81 47 1 149 57 0 1 160 71 52 1 176 52 59 1 161 54 39 1 129 47 38 1 153 51 14 1 0 0 0 0 154 38 4 1 0 0 0 0 160 66 55 1 160 39 26 1 145 51 18 1 171 67 14 1 162 27 32 1 144 36 7 1 129 33 9 1 151 35 21 1 126 40 17 1 145 52 33 1
65 4 0 1 66 15 13 1 89 33 0 1 107 54 22 1 0 0 0 0 143 84 19 1 140 74 68 1 150 80 54 1 151 69 35 1 158 85 56 1 154 91 71 1 181 97 30 1 0 0 0 0 178 115 81 1 188 123 62 1 167 125 86 1 209 91 72 1 160 102 87 1 184 121 57 1 173 99 80 1 193 124 49 1 188 83 63 1 189 110 67 1 166 104 54 1 191 92 57 1 170 88 83 1 171 99 59 1 164 109 65 1 175 77 46 1 149 78 18 1 170 78 34 1 184 94 47 1 181 43 60 1 173 69 49 1 166 66 47 1 157 85 51 1 154 65 30 1 187 79 18 1 172 67 34 1 0 0 0 0 156 38 26 1 154 56 34 1 153 56 43 1 143 64 37 1 153 66 38 1 146 80 42 1 0 0 0 0 155 61 11 1 0 0 0 0 143 45 23 1 152 59 32 1 140 55 38 1 154 63 38 1 166 37 26 1 126 44 30 1 136 43 43 1 130 71 26 1 147 32 27 1 125 27 8 1 0 0 0 0 126 31 21 1
14 0 20 1 28 37 23 1 0 0 0 0 64 40 34 1 103 58 24 1 112 63 51 1 114 54 47 1 145 99 77 1 157 68 34 1 169 93 64 1 190 88 34 1 153 105 64 1 0 0 0 0 176 95 56 1 189 84 66 1 0 0 0 0 151 86 49 1 183 85 60 1 176 111 66 1 186 97 100 1 175 115 76 1 191 112 84 1 188 76 72 1 177 71 73 1 187 118 68 1 213 96 27 1 170 87 70 1 172 93 33 1 191 88 41 1 164 85 47 1 165 119 28 1 0 0 0 0 182 103 51 1 133 74 16 1 148 63 38 1 157 59 29 1 127 79 40 1 179 48 38 1 166 61 32 1 138 56 25 1 155 73 38 1 146 51 0 1 173 64 31 1 149 46 16 1 143 85 40 1 141 64 41 1 184 56 2 1 154 40 38 1 142 55 22 1 139 57 29 1 135 12 39 1 131 47 0 1 165 81 31 1 139 73 8 1 136 58 24 1 120 45 39 1 110 34 21 1 132 17 28 1 119 35 12 1 125 38 28 1 134 61 24 1
10 0 12 1 44 2 7 1 32 14 0 1 47 27 8 1 59 12 0 1 89 31 21 1 108 66 18 1 0 0 0 0 136 84 35 1 160 112 78 1 196 103 36 1 177 94 58 1 183 93 29 1 159 83 63 1 0 0 0 0 164 78 64 1 182 82 75 1 0 0 0 0 182 98 81 1 170 123 65 1 175 66 59 1 160 85 50 1 148 99 60 1 167 75 60 1 187 94 60 1 0 0 0 0 187 76 59 1 166 71 51 1 179 80 78 1 163 99 69 1 161 70 48 1 171 102 45 1 156 77 48 1 160 93 43 1 173 82 19 1 169 58 78 1 164 80 62 1 178 60 42 1 172 64 47 1 178 39 7 1 166 61 29 1 152 56 27 1 148 107 16 1 172 25 39 1 116 61 23 1 135 42 3 1 152 36 30 1 154 70 24 1 135 27 24 1 144 46 31 1 134 58 5 1 139 56 40 1 143 57 8 1 129 19 41 1 127 41 11 1 124 44 3 1 138 42 15 1 131 51 27 1 134 30 29 1 164 47 64 1 138 66 37 1
52 26 12 1 36 22 0 1 46 0 10 1 34 0 0 1 25 17 1 1 0 0 0 0 104 7 10 1 87 46 13 1 164 80 73 1 0 0 0 0 154 85 45 1 164 96 61 1 145 95 52 1 147 76 36 1 165 86 54 1 145 78 33 1 164 77 47 1 184 65 38 1 193 105 53 1 160 90 48 1 152 81 47 1 177 83 60 1 172 86 54 1 187 70 96 1 172 96 54 1 166 74 47 1 157 87 48 1 182 94 38 1 166 83 46 1 155 108 47 1 168 103 51 1 166 79 41 1 147 91 48 1 166 69 27 1 183 55 36 1 171 59 18 1 153 80 46 1 159 38 17 1 151 41 28 1 148 60 21 1 141 64 20 1 159 72 43 1 149 41 33 1 135 57 2 1 121 69 25 1 138 44 17 1 137 45 25 1 162 44 18 1 137 20 30 1 132 44 29 1 134 71 36 1 134 46 19 1 132 16 23 1 101 47 17 1 144 17 30 1 98 47 21 1 129 24 3 1 121 57 3 1 116 35 19 1 148 53 18 1 119 35 8 1
0 0 0 0 24 0 3 1 23 0 8 1 3 14 26 1 41 7 0 1 27 0 25 1 34 22 0 1 64 0 0 1 94 10 6 1 98 38 3 1 142 70 41 1 145 90 47 1 162 59 20 1 173 96 64 1 160 62 22 1 154 87 30 1 146 76 39 1 159 81 36 1 156 57 26 1 135 96 47 1 167 101 40 1 172 92 74 1 181 78 55 1 179 103 79 1 174 60 42 1 152 81 56 1 152 76 43 1 141 82 45 1 165 77 36 1 159 71 42 1 157 73 59 1 0 0 0 0 166 68 30 1 150 68 45 1 164 70 30 1 136 46 32 1 157 44 15 1 0 0 0 0 0 0 0 0 150 45 0 1 138 47 32 1 153 62 18 1 121 42 24 1 130 47 23 1 131 55 20 1 142 42 23 1 138 47 51 1 0 0 0 0 138 30 33 1 0 0 0 0 117 34 14 1 136 18 0 1 119 34 14 1 124 37 35 1 128 38 16 1 129 26 19 1 112 45 0 1 0 0 0 0 106 56 27 1 127 30 23 1 0 0 0 0
81 60 34 1 37 41 34 1 18 24 33 1 49 17 12 1 43 37 0 1 44 29 12 1 29 8 11 1 39 27 10 1 37 22 0 1 71 6 18 1 66 25 10 1 87 38 20 1 125 53 26 1 160 77 48 1 153 95 58 1 175 85 61 1 159 84 31 1 159 98 41 1 0 0 0 0 0 0 0 0 165 86 54 1 159 95 41 1 165 77 68 1 164 93 66 1 162 69 23 1 143 104 42 1 169 73 73 1 0 0 0 0 180 58 10 1 166 43 46 1 155 48 56 1 124 60 58 1 154 65 26 1 148 56 0 1 147 57 19 1 131 70 35 1 135 60 21 1 133 88 38 1 162 76 24 1 153 49 0 1 127 34 38 1 136 55 0 1 140 35 37 1 107 62 16 1 150 35 22 1 132 44 27 1 126 47 25 1 141 53 34 1 108 38 12 1 0 0 0 0 144 23 31 1 122 26 0 1 125 47 44 1 104 45 41 1 125 54 10 1 136 48 23 1 112 29 11 1 138 63 24 1 113 35 32 1 96 45 13 1 109 31 9 1
93 81 64 1 97 61 35 1 79 58 41 1 55 54 7 1 23 4 0 1 25 0 0 1 32 0 0 1 47 2 0 1 19 3 12 1 34 0 0 1 61 8 0 1 82 25 57 1 131 58 23 1 120 81 17 1 131 92 33 1 0 0 0 0 149 93 45 1 186 103 41 1 162 84 67 1 186 95 28 1 167 113 45 1 167 79 24 1 159 83 24 1 147 68 36 1 164 75 76 1 173 71 65 1 176 103 79 1 175 78 63 1 167 96 50 1 174 63 45 1 152 71 41 1 168 52 53 1 142 72 22 1 150 56 31 1 138 51 36 1 173 84 26 1 149 62 19 1 160 75 11 1 148 59 24 1 141 48 34 1 133 46 24 1 0 0 0 0 131 57 44 1 148 25 4 1 124 45 0 1 115 19 23 1 120 43 0 1 100 19 23 1 126 62 2 1 122 28 12 1 110 20 10 1 100 28 22 1 124 38 21 1 110 29 30 1 104 53 15 1 105 7 4 1 87 34 0 1 113 37 0 1 96 36 0 1 118 32 8 1 105 21 25 1
143 111 98 1 0 0 0 0 133 109 94 1 97 77 52 1 87 27 55 1 0 0 0 0 29 20 2 1 45 7 0 1 41 29 0 1 5 5 3 1 55 9 0 1 54 0 0 1 61 19 5 1 74 8 9 1 89 81 35 1 136 86 56 1 132 86 45 1 136 84 50 1 144 70 70 1 170 71 58 1 149 82 33 1 136 79 50 1 158 110 58 1 143 83 58 1 162 65 35 1 138 66 14 1 140 57 32 1 182 70 39 1 150 47 35 1 171 31 27 1 130 45 36 1 144 54 27 1 121 65 30 1 142 49 15 1 139 51 38 1 161 73 21 1 146 50 12 1 144 72 8 1 129 70 33 1 133 47 19 1 131 41 20 1 147 31 32 1 139 57 29 1 0 0 0 0 111 49 0 1 129 43 25 1 88 51 0 1 132 62 31 1 144 44 32 1 0 0 0 0 100 38 0 1 106 18 20 1 107 25 5 1 125 37 31 1 128 2 18 1 68 33 0 1 98 41 11 1 96 5 43 1 91 31 9 1 72 23 38 1 116 29 20 1
0 0 0 0 151 127 90 1 154 123 95 1 152 128 88 1 111 76 76 1 86 41 32 1 35 49 25 1 34 43 7 1 19 15 6 1 36 10 0 1 27 10 16 1 24 0 13 1 51 0 6 1 60 0 16 1 84 23 4 1 63 22 13 1 132 50 16 1 122 57 65 1 119 73 41 1 158 83 54 1 145 75 60 1 139 96 29 1 151 66 23 1 165 77 61 1 151 95 36 1 157 64 37 1 162 64 31 1 173 72 30 1 148 71 24 1 139 62 28 1 133 66 39 1 141 70 51 1 0 0 0 0 138 56 11 1 129 73 44 1 129 50 46 1 134 24 37 1 128 66 0 1 141 28 11 1 105 36 0 1 111 53 0 1 111 39 20 1 115 56 13 1 108 47 13 1 0 0 0 0 0 0 0 0 121 29 12 1 0 0 0 0 114 67 2 1 0 0 0 0 105 47 18 1 117 4 0 1 95 4 16 1 98 22 0 1 100 29 20 1 90 40 11 1 103 48 21 1 66 21 33 1 86 2 0 1 0 0 0 0 87 32 5 1
143 129 89 1 177 121 80 1 144 116 91 1 166 121 92 1 118 117 86 1 105 86 47 1 61 59 43 1 90 28 36 1 48 31 13 1 27 10 9 1 19 16 0 1 38 19 4 1 36 5 0 1 28 0 4 1 33 34 8 1 8 1 30 1 64 8 22 1 51 27 31 1 102 45 18 1 117 65 52 1 127 87 47 1 153 103 48 1 132 44 59 1 136 72 41 1 142 60 43 1 138 86 24 1 158 79 59 1 139 76 32 1 137 55 36 1 139 51 10 1 138 52 28 1 123 63 7 1 0 0 0 0 126 61 27 1 143 42 7 1 135 46 43 1 106 47 18 1 110 35 12 1 122 24 3 1 110 45 12 1 147 27 35 1 128 49 29 1 0 0 0 0 105 54 27 1 109 38 22 1 121 23 20 1 125 37 31 1 103 47 18 1 91 44 9 1 0 0 0 0 83 43 13 1 83 43 1 1 95 43 32 1 110 39 20 1 0 0 0 0 80 9 0 1 96 34 0 1 73 30 0 1 118 48 28 1 82 42 25 1 86 47 36 1
125 89 61 1 126 117 87 1 146 113 102 1 162 161 86 1 162 151 138 1 151 156 103 1 155 141 99 1 167 122 102 1 132 113 98 1 56 74 37 1 38 21 7 1 31 30 6 1 22 6 7 1 16 12 0 1 14 14 4 1 23 0 17 1 34 1 0 1 51 23 13 1 74 0 0 1 96 55 27 1 143 58 39 1 130 60 51 1 135 71 36 1 0 0 0 0 145 65 42 1 165 84 26 1 153 73 31 1 148 72 32 1 152 70 45 1 146 47 30 1 149 59 25 1 146 61 36 1 136 58 24 1 115 69 18 1 130 72 13 1 137 50 22 1 108 39 35 1 91 53 19 1 120 25 25 1 133 34 0 1 126 46 24 1 104 54 0 1 111 32 24 1 103 35 19 1 67 47 30 1 109 25 29 1 124 34 21 1 0 0 0 0 98 29 0 1 105 11 0 1 118 33 13 1 124 5 41 1 113 58 22 1 96 36 7 1 90 13 26 1 73 19 8 1 0 0 0 0 116 4 5 1 0 0 0 0 74 9 16 1 81 24 24 1
132 122 41 1 149 118 62 1 151 128 60 1 138 106 76 1 148 140 77 1 142 112 80 1 143 135 88 1 158 126 107 1 151 98 66 1 122 69 44 1 63 31 7 1 37 29 11 1 0 0 0 0 53 0 7 1 33 16 23 1 25 21 1 1 28 3 14 1 23 2 0 1 37 6 0 1 51 50 21 1 0 0 0 0 109 54 31 1 0 0 0 0 109 88 37 1 157 98 53 1 170 72 55 1 132 46 43 1 0 0 0 0 140 64 42 1 0 0 0 0 123 48 42 1 156 43 24 1 130 47 40 1 129 59 19 1 104 15 50 1 124 55 41 1 126 42 18 1 0 0 0 0 114 33 9 1 107 27 23 1 110 33 14 1 103 53 18 1 100 27 11 1 109 54 24 1 109 26 27 1 0 0 0 0 68 12 24 1 104 35 13 1 102 32 10 1 85 27 0 1 80 16 40 1 97 32 18 1 83 17 28 1 84 34 0 1 80 16 0 1 84 18 1 1 86 7 36 1 73 15 3 1 77 25 10 1 86 19 40 1 53 33 46 1
121 60 46 1 128 92 42 1 145 116 75 1 139 104 82 1 0 0 0 0 150 103 87 1 138 112 84 1 121 122 82 1 150 120 107 1 123 90 82 1 108 89 83 1 78 68 64 1 40 13 38 1 32 20 11 1 25 22 22 1 20 34 7 1 43 24 6 1 28 0 20 1 26 0 4 1 46 12 0 1 62 30 0 1 39 11 6 1 98 33 18 1 110 71 31 1 0 0 0 0 122 51 0 1 125 42 3 1 125 57 0 1 0 0 0 0 129 36 43 1 131 55 27 1 0 0 0 0 0 0 0 0 127 34 48 1 0 0 0 0 119 40 25 1 127 43 37 1 100 40 28 1 112 26 31 1 97 41 8 1 71 32 0 1 97 43 30 1 97 31 16 1 111 41 11 1 100 22 13 1 85 0 10 1 89 10 0 1 94 1 7 1 95 49 45 1 91 21 32 1 0 0 0 0 77 10 18 1 73 16 10 1 75 4 0 1 73 30 1 1 108 32 21 1 90 48 10 1 91 24 8 1 86 38 0 1 70 17 19 1 68 22 11 1
108 41 41 1 103 70 55 1 133 101 68 1 127 102 62 1 137 103 66 1 156 97 70 1 141 104 76 1 162 106 83 1 146 84 101 1 158 104 85 1 128 85 68 1 134 107 65 1 75 59 49 1 90 63 29 1 68 46 25 1 26 25 0 1 0 0 0 0 11 0 0 1 6 20 0 1 18 5 0 1 30 9 6 1 13 22 0 1 40 28 4 1 102 63 14 1 77 52 34 1 65 30 28 1 127 34 32 1 112 46 29 1 117 72 9 1 106 51 8 1 109 35 0 1 118 42 9 1 129 60 0 1 105 68 27 1 109 53 10 1 130 13 25 1 121 48 44 1 131 29 25 1 116 28 33 1 128 52 11 1 80 44 4 1 98 49 24 1 90 35 11 1 124 28 14 1 68 49 22 1 79 37 16 1 68 42 16 1 79 36 25 1 79 60 19 1 87 37 24 1 59 12 18 1 62 22 1 1 99 6 12 1 84 9 0 1 60 32 0 1 57 22 46 1 73 23 0 1 84 10 0 1 59 39 23 1 27 34 12 1 92 27 0 1
117 48 45 1 95 59 24 1 94 66 51 1 127 88 57 1 0 0 0 0 130 87 63 1 137 107 81 1 145 104 74 1 122 87 79 1 127 103 100 1 0 0 0 0 147 106 106 1 124 64 84 1 93 79 66 1 94 87 80 1 66 61 47 1 47 36 14 1 13 26 33 1 34 0 0 1 38 4 0 1 3 0 0 1 10 0 5 1 32 0 2 1 0 0 0 0 61 7 0 1 74 38 9 1 90 21 15 1 108 86 30 1 99 39 34 1 119 29 19 1 159 44 14 1 144 52 14 1 99 23 17 1 100 13 19 1 95 32 11 1 96 31 11 1 118 10 8 1 100 26 42 1 101 36 16 1 94 28 2 1 69 19 11 1 109 23 12 1 0 0 0 0 76 51 23 1 85 31 4 1 87 40 9 1 0 0 0 0 82 5 1 1 73 28 0 1 0 0 0 0 81 36 22 1 89 32 0 1 82 34 34 1 100 38 1 1 73 14 15 1 82 21 13 1 60 27 3 1 54 18 12 1 48 8 9 1 35 28 22 1 46 26 17 1
109 58 64 1 110 66 62 1 106 76 42 1 105 89 39 1 0 0 0 0 125 97 67 1 130 77 41 1 133 94 59 1 102 91 96 1 130 81 63 1 137 95 83 1 121 101 95 1 136 108 87 1 0 0 0 0 113 75 87 1 117 82 70 1 82 51 38 1 52 6 0 1 44 33 28 1 25 31 17 1 5 0 12 1 24 28 0 1 35 10 13 1 22 17 1 1 4 6 0 1 24 27 7 1 38 28 0 1 68 34 37 1 135 47 34 1 89 62 15 1 128 55 2 1 116 47 32 1 112 33 23 1 120 39 22 1 84 15 0 1 90 20 8 1 104 41 3 1 111 26 20 1 83 27 0 1 65 11 14 1 86 9 5 1 105 9 10 1 90 25 18 1 83 22 22 1 0 0 0 0 72 19 0 1 79 40 11 1 84 13 16 1 39 8 28 1 94 23 0 1 83 28 11 1 70 13 12 1 77 6 3 1 97 30 14 1 59 39 17 1 35 9 0 1 72 8 16 1 77 6 18 1 74 13 24 1 65 41 2 1 55 21 0 1
90 47 34 1 58 44 19 1 106 68 50 1 0 0 0 0 124 98 45 1 126 60 67 1 133 92 76 1 118 64 47 1 171 127 72 1 126 118 85 1 134 86 89 1 146 120 94 1 134 131 77 1 144 129 95 1 167 104 83 1 106 70 55 1 123 42 72 1 70 72 39 1 69 55 31 1 50 24 15 1 0 23 1 1 25 45 7 1 25 7 11 1 11 15 4 1 17 0 0 1 38 19 0 1 52 0 7 1 42 20 0 1 82 25 0 1 96 42 22 1 105 44 18 1 121 20 0 1 130 43 27 1 91 48 16 1 102 34 20 1 118 20 10 1 98 33 3 1 109 25 2 1 0 0 0 0 69 27 3 1 0 0 0 0 109 16 25 1 99 14 2 1 0 0 0 0 54 12 11 1 79 18 17 1 69 30 12 1 58 36 17 1 90 25 0 1 86 38 9 1 54 0 10 1 58 11 0 1 57 0 0 1 77 28 6 1 72 28 3 1 0 0 0 0 0 0 0 0 58 1 3 1 59 0 18 1 54 22 0 1 59 39 0 1
91 82 41 1 49 52 39 1 106 64 22 1 93 65 34 1 128 59 53 1 123 78 65 1 131 75 36 1 108 109 77 1 145 82 71 1 139 97 46 1 142 97 40 1 0 0 0 0 153 93 79 1 117 98 50 1 149 86 94 1 178 137 91 1 87 78 81 1 115 112 51 1 99 64 56 1 76 56 25 1 55 54 0 1 56 38 8 1 20 4 3 1 3 0 1 1 18 15 19 1 20 0 3 1 12 0 15 1 9 6 6 1 20 0 17 1 54 15 5 1 54 26 46 1 37 50 55 1 93 35 13 1 92 39 3 1 86 42 10 1 89 41 38 1 100 22 19 1 92 33 0 1 107 15 9 1 88 24 0 1 102 12 11 1 0 0 0 0 68 16 10 1 91 34 20 1 79 20 0 1 58 19 25 1 73 17 0 1 68 17 6 1 52 23 0 1 67 28 0 1 70 11 0 1 42 31 8 1 0 0 0 0 31 15 19 1 58 2 0 1 44 4 25 1 40 14 14 1 67 11 0 1 29 27 6 1 74 16 0 1 46 0 14 1
67 70 16 1 86 69 17 1 65 69 41 1 76 67 34 1 86 31 5 1 74 70 42 1 75 60 0 1 122 41 30 1 121 81 75 1 147 97 51 1 124 100 61 1 147 99 80 1 145 106 83 1 165 88 48 1 160 116 104 1 156 121 101 1 113 90 87 1 0 0 0 0 110 102 62 1 74 65 67 1 89 69 52 1 57 40 27 1 49 18 7 1 21 37 17 1 8 17 1 1 22 0 0 1 44 11 12 1 0 0 0 0 43 0 0 1 21 0 5 1 0 0 0 0 35 34 31 1 43 13 7 1 77 23 7 1 69 15 25 1 71 41 7 1 0 0 0 0 94 22 12 1 80 0 5 1 89 54 34 1 111 9 18 1 82 9 2 1 62 18 0 1 97 10 3 1 83 30 15 1 0 0 0 0 72 8 19 1 57 9 9 1 45 22 9 1 62 12 9 1 0 0 0 0 42 8 15 1 38 22 15 1 60 21 8 1 54 26 8 1 53 16 6 1 44 25 15 1 67 5 19 1 53 0 0 1 42 5 14 1 35 21 0 1
76 55 41 1 111 59 21 1 101 70 41 1 90 47 41 1 65 52 6 1 69 28 27 1 81 47 17 1 75 29 27 1 61 43 17 1 101 70 20 1 114 78 55 1 124 72 45 1 143 106 66 1 0 0 0 0 0 0 0 0 135 80 85 1 157 115 81 1 129 95 70 1 143 104 57 1 109 90 39 1 135 87 84 1 148 78 73 1 70 79 56 1 98 55 79 1 64 1 0 1 36 18 0 1 13 18 12 1 30 0 0 1 0 0 0 0 53 0 12 1 40 17 16 1 13 0 18 1 38 0 0 1 39 18 0 1 47 28 2 1 49 42 11 1 81 18 41 1 78 25 34 1 0 0 0 0 68 44 23 1 56 25 0 1 0 0 0 0 47 21 11 1 49 18 8 1 43 18 6 1 49 30 11 1 51 34 0 1 47 0 52 1 56 0 2 1 32 24 0 1 24 20 9 1 42 15 20 1 58 15 22 1 59 20 8 1 37 24 3 1 57 22 1 1 40 1 14 1 45 10 5 1 31 10 0 1 32 12 7 1 43 34 0 1
0 0 0 0 88 26 20 1 75 52 16 1 0 0 0 0 86 41 48 1 89 53 41 1 92 60 47 1 66 73 25 1 73 68 57 1 113 70 26 1 94 61 40 1 0 0 0 0 127 101 60 1 0 0 0 0 131 112 42 1 129 88 62 1 134 88 72 1 157 102 72 1 137 99 106 1 138 108 102 1 0 0 0 0 147 129 88 1 136 97 77 1 105 96 68 1 67 60 59 1 54 32 19 1 46 3 1 1 42 14 0 1 0 0 0 0 0 0 0 0 0 24 10 1 26 0 0 1 35 10 16 1 0 0 0 0 59 0 6 1 26 7 8 1 73 0 32 1 0 0 0 0 70 21 5 1 72 28 24 1 52 3 15 1 37 23 15 1 58 10 29 1 70 8 15 1 43 0 18 1 71 14 1 1 33 14 0 1 57 8 27 1 39 18 10 1 40 22 4 1 47 16 3 1 0 0 0 0 41 20 0 1 44 16 0 1 54 5 0 1 32 0 0 1 28 0 13 1 33 8 0 1 33 33 18 1 49 10 0 1 49 0 10 1
85 55 32 1 75 57 41 1 73 39 8 1 81 15 29 1 75 45 33 1 58 52 20 1 85 45 39 1 74 21 20 1 85 60 51 1 85 37 38 1 51 54 6 1 108 57 33 1 0 0 0 0 131 67 60 1 154 85 59 1 138 114 72 1 108 75 54 1 136 77 96 1 132 114 89 1 126 78 57 1 132 106 72 1 136 107 87 1 141 94 71 1 107 85 78 1 107 60 74 1 94 70 62 1 80 53 58 1 53 27 16 1 10 0 0 1 19 19 1 1 16 0 0 1 17 9 0 1 0 0 4 1 3 24 0 1 9 16 18 1 23 15 13 1 43 32 17 1 42 51 0 1 41 43 37 1 53 20 5 1 68 36 12 1 52 10 10 1 42 19 0 1 53 0 21 1 54 0 6 1 51 22 3 1 48 0 17 1 42 10 0 1 0 0 0 0 52 15 29 1 29 25 8 1 38 22 29 1 41 31 0 1 28 0 0 1 40 8 10 1 50 0 3 1 48 9 12 1 32 12 0 1 50 12 0 1 35 7 7 1 28 16 0 1
78 70 25 1 86 72 23 1 76 35 22 1 90 49 37 1 64 47 25 1 91 47 26 1 88 44 17 1 60 16 38 1 92 68 26 1 0 0 0 0 86 29 18 1 68 36 41 1 87 54 39 1 124 64 45 1 109 89 74 1 0 0 0 0 133 99 58 1 0 0 0 0 138 101 91 1 134 96 74 1 146 124 103 1 115 94 79 1 166 106 112 1 133 110 87 1 126 80 94 1 100 106 86 1 83 76 95 1 88 55 55 1 0 0 0 0 40 55 26 1 44 11 5 1 1 24 0 1 29 0 7 1 0 0 0 1 0 0 0 0 17 1 3 1 40 2 1 1 47 12 0 1 40 0 11 1 40 25 0 1 27 17 7 1 37 6 6 1 62 21 9 1 26 15 0 1 51 17 26 1 64 0 0 1 57 0 12 1 20 46 19 1 59 22 0 1 27 10 6 1 28 18 5 1 29 12 6 1 37 8 8 1 26 15 0 1 48 0 7 1 11 5 8 1 27 25 3 1 0 0 0 0 27 19 1 1 3 0 0 1 39 1 9 1
71 67 63 1 53 33 33 1 103 69 34 1 73 43 34 1 76 42 29 1 86 37 8 1 85 26 31 1 83 29 29 1 115 66 65 1 110 66 52 1 79 46 21 1 85 36 42 1 78 45 31 1 82 53 38 1 109 50 47 1 101 55 36 1 117 76 52 1 0 0 0 0 132 62 38 1 94 69 34 1 124 88 65 1 109 59 69 1 146 74 73 1 125 103 70 1 141 110 86 1 116 87 77 1 84 83 66 1 129 83 57 1 0 0 0 0 77 59 56 1 58 36 24 1 24 4 10 1 7 2 0 1 26 0 0 1 0 0 0 0 14 14 0 1 22 0 0 1 32 0 1 1 25 12 0 1 19 6 7 1 35 17 0 1 30 13 8 1 0 0 0 0 0 0 0 0 29 5 27 1 30 32 31 1 10 0 0 1 32 12 11 1 40 29 0 1 39 0 2 1 28 0 23 1 0 0 0 0 31 0 0 1 8 0 0 1 11 18 0 1 25 0 0 1 9 0 4 1 15 0 0 1 38 20 8 1 20 27 0 1 17 13 17 1
78 64 56 1 74 67 57 1 89 45 2 1 72 43 30 1 98 71 45 1 100 49 40 1 87 81 53 1 107 80 50 1 102 72 46 1 90 41 32 1 69 34 16 1 77 48 58 1 109 64 31 1 74 38 34 1 108 44 40 1 112 65 43 1 136 111 51 1 117 96 61 1 142 78 70 1 149 112 68 1 116 69 84 1 122 46 51 1 104 75 45 1 144 81 109 1 152 126 96 1 0 0 0 0 137 112 81 1 0 0 0 0 124 101 95 1 69 56 44 1 0 0 0 0 15 9 0 1 23 0 0 1 0 0 22 1 24 6 0 1 9 23 0 1 17 9 0 1 7 0 0 1 16 0 0 1 22 5 4 1 14 13 27 1 22 20 21 1 30 0 38 1 49 11 0 1 52 8 0 1 33 5 16 1 24 0 8 1 26 0 0 1 41 0 0 1 10 21 0 1 36 26 0 1 7 0 0 1 32 18 0 1 15 14 0 1 22 16 0 1 35 0 0 1 0 0 0 0 13 0 0 1 35 0 10 1 0 0 0 1 14 22 0 1
72 62 38 1 71 48 15 1 82 31 22 1 89 64 37 1 61 84 46 1 91 62 15 1 0 0 0 0 85 60 49 1 82 58 43 1 101 67 19 1 109 72 60 1 113 97 53 1 88 67 31 1 72 23 28 1 83 61 41 1 97 49 49 1 99 50 20 1 89 47 29 1 0 0 0 0 90 47 11 1 127 83 60 1 147 75 73 1 0 0 0 0 140 81 69 1 116 92 72 1 119 89 75 1 112 102 52 1 112 92 50 1 109 61 50 1 0 0 0 0 75 38 35 1 104 97 42 1 57 44 41 1 0 0 0 0 10 0 20 1 36 27 22 1 13 0 13 1 15 6 0 1 0 11 0 1 0 0 3 1 4 6 0 1 9 39 0 1 0 30 0 1 0 27 27 1 0 0 0 0 7 0 16 1 3 12 15 1 8 29 14 1 7 12 15 1 31 26 9 1 20 10 9 1 26 12 0 1 26 8 0 1 22 17 5 1 1 15 0 1 24 0 4 1 13 29 0 1 2 13 0 1 0 0 0 1 36 10 0 1 11 0 0 1
99 75 31 1 71 46 31 1 54 43 20 1 74 78 12 1 85 52 35 1 75 45 18 1 71 50 20 1 0 0 0 0 0 0 0 0 78 58 30 1 88 54 14 1 97 39 42 1 97 68 29 1 59 62 32 1 96 47 35 1 101 47 18 1 70 73 42 1 68 61 19 1 85 84 28 1 102 82 9 1 124 70 56 1 106 73 63 1 131 82 42 1 117 78 74 1 134 125 63 1 125 103 64 1 121 78 42 1 99 85 88 1 158 86 59 1 111 71 51 1 104 82 72 1 122 91 72 1 97 77 65 1 37 29 26 1 44 0 26 1 6 0 23 1 13 6 0 1 13 3 0 1 11 15 5 1 27 8 0 1 0 2 0 1 4 3 0 1 12 0 0 1 3 14 0 1 2 20 10 1 4 33 16 1 17 5 8 1 23 11 21 1 9 0 0 1 39 21 0 1 30 0 0 1 21 0 0 1 14 30 15 1 2 6 0 1 18 0 3 1 23 21 15 1 12 14 7 1 23 19 0 1 22 3 2 1 21 13 5 1 27 5 5 1
68 41 30 1 64 36 10 1 87 46 39 1 80 60 18 1 65 61 52 1 83 59 1 1 78 56 60 1 106 69 20 1 0 0 0 0 82 41 49 1 87 58 52 1 108 83 29 1 105 74 15 1 115 93 44 1 93 62 50 1 120 51 24 1 0 0 0 0 109 50 32 1 91 49 33 1 62 20 32 1 111 52 18 1 84 62 31 1 96 60 27 1 105 47 33 1 126 60 54 1 128 58 24 1 89 61 26 1 102 73 41 1 0 0 0 0 117 79 66 1 110 73 71 1 119 70 46 1 119 77 63 1 67 58 53 1 0 0 0 0 0 0 0 0 44 33 30 1 27 0 0 1 18 1 17 1 11 5 5 1 5 2 0 1 32 8 11 1 6 4 3 1 11 3 6 1 0 21 13 1 0 0 9 1 0 1 7 1 6 2 2 1 1 24 5 1 0 16 0 1 22 0 0 1 45 0 0 1 7 11 8 1 0 0 0 0 10 5 7 1 22 0 7 1 17 22 7 1 23 0 0 1 11 0 10 1 4 0 8 1 0 0 0 0
60 42 22 1 81 68 24 1 93 23 25 1 94 75 45 1 113 62 56 1 78 46 42 1 65 39 16 1 85 54 19 1 88 60 31 1 70 85 20 1 69 45 35 1 95 55 27 1 56 76 45 1 83 53 34 1 63 23 6 1 85 38 6 1 76 41 3 1 82 52 31 1 96 77 12 1 68 37 17 1 88 56 48 1 95 38 35 1 76 30 24 1 107 58 11 1 94 73 34 1 119 58 40 1 114 80 33 1 94 76 30 1 106 99 65 1 131 102 112 1 139 83 67 1 125 59 55 1 94 52 54 1 98 63 45 1 70 65 41 1 72 40 21 1 73 51 32 1 46 44 53 1 20 8 15 1 0 0 0 1 0 0 0 0 21 7 10 1 2 3 30 1 0 0 0 0 3 30 9 1 9 0 5 1 0 0 8 1 17 10 19 1 22 11 13 1 12 0 29 1 0 0 0 0 0 0 0 1 4 0 1 1 14 0 2 1 5 13 4 1 19 24 16 1 10 0 0 1 25 7 14 1 19 0 0 1 13 0 0 1 20 4 15 1
73 24 30 1 65 45 40 1 66 49 20 1 82 56 38 1 73 67 53 1 0 0 0 0 107 75 7 1 79 76 11 1 48 25 14 1 70 46 13 1 58 32 16 1 94 32 21 1 75 52 14 1 100 72 38 1 0 0 0 0 81 48 43 1 76 70 42 1 102 69 67 1 99 58 40 1 76 56 40 1 96 42 41 1 0 0 0 0 102 67 25 1 0 0 0 0 0 0 0 0 101 42 57 1 87 57 31 1 66 40 5 1 108 87 22 1 129 106 83 1 105 68 40 1 110 38 59 1 97 75 37 1 135 83 66 1 113 66 47 1 124 73 50 1 87 89 70 1 65 40 42 1 22 12 25 1 33 10 0 1 3 0 0 1 0 32 5 1 12 6 0 1 0 0 0 0 9 8 17 1 16 0 0 1 16 0 0 1 3 3 7 1 48 0 9 1 12 8 19 1 0 0 0 1 12 6 7 1 20 18 26 1 26 0 3 1 10 0 6 1 4 0 7 1 16 12 17 1 14 3 3 1 20 31 1 1 0 0 0 0 33 3 0 1
35 45 13 1 61 46 18 1 76 44 18 1 0 0 0 0 59 31 12 1 0 0 0 0 77 27 41 1 64 53 9 1 67 20 8 1 0 0 0 0 84 28 45 1 87 67 0 1 63 36 6 1 57 40 14 1 68 43 19 1 65 26 25 1 51 70 45 1 107 54 7 1 54 27 26 1 78 67 34 1 74 33 14 1 80 71 37 1 78 62 15 1 107 59 28 1 115 63 51 1 109 75 69 1 103 49 23 1 97 74 60 1 0 0 0 0 109 95 43 1 0 0 0 0 106 67 28 1 109 86 41 1 110 69 47 1 112 41 38 1 107 68 67 1 0 0 0 0 83 56 50 1 68 47 23 1 46 41 23 1 42 4 0 1 0 6 0 1 0 10 0 1 2 4 13 1 4 0 23 1 13 2 0 1 0 0 0 1 18 0 0 1 10 6 17 1 12 1 24 1 18 17 10 1 24 9 0 1 20 0 4 1 6 0 4 1 12 7 0 1 24 1 0 1 29 0 0 1 27 7 11 1 4 9 0 1 16 3 5 1 38 7 17 1
60 15 21 1 51 28 10 1 0 0 0 0 68 14 0 1 0 0 0 0 48 22 38 1 78 28 3 1 75 41 18 1 54 38 26 1 46 31 30 1 77 51 21 1 0 0 0 0 84 62 41 1 36 34 48 1 91 40 35 1 87 45 41 1 68 37 7 1 73 61 20 1 107 52 10 1 85 48 0 1 69 52 7 1 92 76 30 1 93 76 45 1 121 65 42 1 103 72 54 1 0 0 0 0 140 89 74 1 128 62 66 1 115 111 100 1 122 80 54 1 106 61 57 1 98 53 69 1 0 0 0 0 137 69 26 1 107 54 43 1 114 64 20 1 91 73 35 1 77 59 42 1 65 33 13 1 46 0 0 1 55 32 36 1 44 13 10 1 31 16 48 1 24 0 17 1 12 27 0 1 20 0 10 1 0 0 10 1 0 6 7 1 10 13 0 1 16 7 17 1 28 0 7 1 0 5 0 1 0 0 3 1 16 4 0 1 25 0 0 1 14 19 33 1 0 20 13 1 26 0 0 1 25 6 4 1 28 7 1 1 2 0 19 1
38 0 3 1 45 0 9 1 39 18 3 1 48 35 19 1 43 35 12 1 68 35 0 1 54 23 6 1 27 35 18 1 0 0 0 0 36 29 9 1 26 33 14 1 40 42 1 1 49 14 11 1 63 35 22 1 45 27 9 1 86 39 27 1 0 0 0 0 88 64 24 1 77 75 18 1 88 49 25 1 95 54 59 1 105 67 27 1 94 48 38 1 87 76 30 1 88 60 26 1 100 86 39 1 141 89 37 1 97 114 66 1 111 96 61 1 125 97 45 1 116 93 38 1 122 78 52 1 114 39 9 1 151 64 64 1 136 85 56 1 130 112 56 1 106 55 34 1 59 58 35 1 89 55 64 1 68 28 44 1 45 37 31 1 50 31 31 1 35 12 14 1 33 0 22 1 21 0 0 1 0 0 0 1 21 4 8 1 7 0 5 1 16 1 14 1 18 0 0 1 33 18 21 1 0 0 0 1 9 10 0 1 36 21 24 1 30 22 0 1 21 7 9 1 3 0 25 1 40 22 1 1 25 18 5 1 17 24 11 1 23 0 28 1
46 0 14 1 43 28 18 1 41 16 23 1 52 32 22 1 35 19 2 1 21 37 0 1 21 8 31 1 31 34 15 1 35 24 12 1 33 25 19 1 53 20 22 1 59 34 34 1 0 0 0 0 55 38 22 1 43 34 18 1 66 41 38 1 76 17 31 1 80 35 37 1 93 43 38 1 96 22 57 1 64 47 26 1 90 34 42 1 80 63 18 1 96 5 26 1 79 45 32 1 104 65 32 1 114 71 60 1 114 83 61 1 92 53 43 1 87 50 50 1 96 75 52 1 106 63 37 1 0 0 0 0 93 45 44 1 101 63 33 1 0 0 0 0 65 67 20 1 80 59 31 1 109 45 43 1 94 66 8 1 66 46 24 1 68 25 24 1 33 26 21 1 47 28 0 1 30 10 0 1 6 0 7 1 47 0 9 1 17 18 5 1 26 0 0 1 8 13 8 1 0 0 0 0 12 12 5 1 24 0 8 1 22 0 7 1 15 0 20 1 27 20 0 1 4 16 1 1 0 8 0 1 20 16 2 1 27 3 4 1 4 0 0 1
10 8 34 1 33 9 20 1 0 0 0 0 33 20 16 1 54 33 4 1 39 18 13 1 29 16 0 1 47 4 7 1 53 2 0 1 26 5 16 1 43 1 25 1 43 3 0 1 51 11 24 1 41 7 0 1 38 14 14 1 45 25 19 1 50 0 0 1 41 6 0 1 55 28 2 1 35 24 18 1 101 37 15 1 54 34 50 1 81 15 10 1 84 54 37 1 100 65 55 1 111 80 55 1 75 79 59 1 121 67 62 1 96 68 55 1 111 83 60 1 126 69 35 1 114 64 46 1 108 92 25 1 127 65 44 1 123 113 46 1 98 64 50 1 119 57 33 1 87 65 48 1 96 63 35 1 83 43 27 1 80 43 21 1 74 56 31 1 74 13 7 1 0 0 0 0 69 14 3 1 58 9 3 1 8 0 5 1 21 0 0 1 12 20 0 1 0 0 0 1 0 0 12 1 5 0 0 1 46 21 15 1 0 0 0 0 26 12 0 1 0 14 22 1 0 0 22 1 6 0 0 1 17 17 21 1 0 0 23 1 0 0 4 1
42 13 8 1 32 8 13 1 10 10 1 1 28 23 0 1 41 0 8 1 38 17 0 1 59 0 0 1 17 12 0 1 29 9 21 1 26 13 1 1 35 26 0 1 34 56 2 1 46 23 0 1 42 0 0 1 29 0 8 1 31 0 14 1 14 22 0 1 34 29 19 1 46 22 11 1 31 5 4 1 51 25 17 1 53 31 14 1 66 19 40 1 72 45 18 1 104 51 22 1 98 38 3 1 0 0 0 0 91 57 42 1 83 36 33 1 89 70 39 1 89 77 25 1 108 83 37 1 95 54 66 1 119 74 52 1 133 81 83 1 131 93 61 1 68 43 75 1 86 52 19 1 72 45 31 1 74 56 34 1 80 28 30 1 97 46 20 1 85 63 22 1 48 56 3 1 24 25 0 1 39 32 0 1 42 23 0 1 36 6 21 1 1 0 7 1 11 8 18 1 3 15 0 1 14 0 9 1 0 12 4 1 3 2 12 1 0 19 22 1 11 9 21 1 0 0 0 1 0 34 18 1 0 5 6 1 18 0 5 1 10 0 22 1
32 6 0 1 22 13 0 1 10 14 16 1 14 5 0 1 30 0 0 1 37 11 0 1 0 0 0 0 0 0 0 0 41 0 0 1 30 0 1 1 22 13 2 1 17 6 0 1 22 0 16 1 29 33 0 1 33 0 0 1 30 15 7 1 38 6 0 1 36 0 0 1 0 0 0 0 33 11 33 1 54 0 9 1 30 0 0 1 48 29 0 1 39 22 8 1 106 60 39 1 96 52 35 1 94 54 53 1 92 50 55 1 93 93 46 1 113 73 42 1 113 71 49 1 103 94 49 1 104 69 39 1 100 53 36 1 102 78 55 1 96 80 60 1 109 94 40 1 100 64 44 1 98 36 55 1 111 76 17 1 85 61 4 1 67 55 41 1 70 50 48 1 50 37 19 1 41 11 19 1 28 0 16 1 65 7 0 1 35 5 16 1 36 7 0 1 0 25 1 1 3 2 0 1 14 0 0 1 4 0 0 1 19 0 14 1 4 14 12 1 14 0 39 1 0 0 17 1 6 0 2 1 0 20 0 1 44 0 4 1 45 19 0 1
13 5 0 1 44 4 5 1 4 0 0 1 26 20 0 1 22 44 11 1 27 11 11 1 16 0 13 1 34 0 5 1 20 2 0 1 27 13 16 1 23 0 6 1 12 0 12 1 26 3 0 1 12 5 11 1 1 0 0 1 38 0 0 1 0 0 0 0 15 12 0 1 23 22 0 1 40 0 0 1 30 16 2 1 24 0 0 1 72 19 0 1 41 17 12 1 57 49 11 1 98 36 7 1 90 63 39 1 0 0 0 0 117 76 52 1 101 60 62 1 112 62 35 1 90 65 46 1 0 0 0 0 127 81 35 1 0 0 0 0 119 74 52 1 96 33 52 1 0 0 0 0 99 73 53 1 89 64 37 1 106 53 45 1 99 43 31 1 69 15 34 1 49 30 19 1 32 16 12 1 36 39 12 1 57 0 20 1 35 7 17 1 0 0 0 1 0 0 0 0 0 9 7 1 10 0 8 1 0 0 0 0 0 7 0 1 0 35 11 1 0 31 8 1 9 6 18 1 8 0 3 1 0 10 0 1 4 0 0 1 0 1 5 1
19 8 13 1 29 11 1 1 11 12 0 1 19 13 12 1 31 6 12 1 43 7 19 1 22 0 5 1 26 0 1 1 16 17 0 1 14 16 18 1 0 0 0 0 7 25 6 1 14 9 0 1 28 14 12 1 3 19 28 1 13 12 8 1 25 9 0 1 1 10 5 1 35 15 12 1 25 0 2 1 40 0 18 1 41 5 8 1 59 14 0 1 45 4 15 1 58 18 6 1 81 32 6 1 77 62 3 1 116 75 79 1 112 83 67 1 109 65 43 1 118 83 22 1 0 0 0 0 122 83 58 1 109 68 36 1 122 52 36 1 121 67 54 1 95 52 22 1 0 0 0 0 100 64 46 1 78 50 25 1 63 34 37 1 57 27 15 1 41 4 29 1 30 9 35 1 49 13 13 1 38 54 0 1 27 3 20 1 42 0 6 1 51 11 6 1 24 13 6 1 22 7 0 1 19 13 0 1 0 0 0 0 17 0 4 1 8 14 17 1 13 0 0 1 0 6 33 1 0 3 9 1 7 0 3 1 12 0 0 1 16 15 20 1
6 7 22 1 0 0 0 1 7 0 23 1 10 0 13 1 7 7 5 1 0 6 0 1 3 0 0 1 0 0 0 0 15 21 23 1 8 10 19 1 19 12 26 1 9 12 1 1 0 0 0 1 12 5 6 1 15 5 0 1 0 0 0 1 7 9 0 1 6 0 0 1 8 1 0 1 8 0 1 1 24 0 0 1 0 0 0 0 44 6 9 1 43 13 16 1 31 9 0 1 65 47 20 1 95 62 18 1 105 73 30 1 120 90 62 1 122 57 76 1 123 81 60 1 90 62 29 1 117 71 102 1 0 0 0 0 117 66 47 1 119 80 53 1 117 40 40 1 104 61 31 1 98 56 44 1 78 55 47 1 55 37 21 1 50 18 7 1 37 33 0 1 26 31 16 1 47 23 20 1 53 11 4 1 29 0 11 1 47 22 0 1 15 20 0 1 18 0 25 1 52 5 0 1 0 15 0 1 51 0 0 1 13 4 0 1 7 23 2 1 6 5 5 1 13 11 3 1 0 0 0 0 0 12 5 1 22 10 0 1 14 2 0 1
16 0 12 1 14 10 22 1 0 0 0 1 5 16 7 1 17 0 0 1 4 15 0 1 0 0 3 1 6 18 0 1 15 0 3 1 0 0 0 0 28 0 0 1 8 2 35 1 0 0 0 0 0 0 0 0 0 0 0 1 12 0 0 1 17 12 4 1 0 0 0 1 36 0 0 1 18 14 19 1 28 10 17 1 37 23 17 1 41 2 6 1 34 8 25 1 0 0 0 0 39 24 7 1 74 21 5 1 0 0 0 0 113 74 54 1 127 79 46 1 113 83 38 1 114 64 20 1 130 64 71 1 80 73 54 1 95 69 41 1 115 80 52 1 80 52 59 1 0 0 0 0 70 40 25 1 64 30 0 1 81 33 21 1 66 18 38 1 32 17 34 1 49 31 16 1 67 25 23 1 39 5 24 1 7 0 0 1 32 25 4 1 11 19 28 1 23 4 0 1 4 0 10 1 11 8 0 1 0 13 4 1 4 1 8 1 22 17 0 1 4 0 15 1 15 11 6 1 5 8 1 1 19 3 11 1 12 13 0 1 16 21 1 1
3 0 0 1 0 19 0 1 34 7 0 1 0 2 0 1 8 0 10 1 0 0 0 1 8 0 0 1 0 0 0 1 0 12 0 1 19 0 7 1 10 5 4 1 6 23 0 1 16 0 0 1 14 0 36 1 10 14 20 1 15 0 19 1 0 35 0 1 0 16 15 1 8 5 0 1 1 9 0 1 0 0 0 0 24 0 23 1 55 3 0 1 6 5 0 1 46 10 9 1 50 19 0 1 39 30 0 1 61 40 7 1 73 36 19 1 0 0 0 0 87 86 40 1 97 62 48 1 114 72 62 1 92 74 44 1 114 104 50 1 129 68 46 1 102 84 59 1 86 66 40 1 0 0 0 0 91 63 37 1 83 75 27 1 93 31 43 1 52 18 24 1 59 19 0 1 0 0 0 0 40 11 9 1 60 15 20 1 42 25 0 1 26 13 15 1 40 14 0 1 5 7 16 1 15 0 0 1 9 0 17 1 0 0 12 1 21 7 28 1 0 0 0 0 7 16 0 1 18 0 0 1 3 0 18 1 0 18 0 1 0 0 5 1
0 0 0 0 0 0 0 0 12 0 12 1 12 18 24 1 0 0 0 1 0 9 24 1 0 6 3 1 18 0 6 1 4 17 0 1 0 0 0 0 0 0 0 1 16 0 0 1 17 10 15 1 0 13 23 1 15 10 3 1 26 5 0 1 0 0 0 0 27 1 16 1 0 0 0 0 2 14 2 1 19 0 5 1 26 11 1 1 17 0 5 1 63 0 5 1 22 13 0 1 52 8 1 1 38 0 9 1 42 0 7 1 91 43 22 1 84 23 44 1 93 44 38 1 94 48 43 1 115 82 20 1 110 73 36 1 107 99 55 1 112 79 55 1 101 88 65 1 93 55 45 1 74 72 10 1 92 51 42 1 56 79 15 1 39 41 11 1 37 16 1 1 35 16 9 1 0 0 0 0 21 10 1 1 27 0 0 1 33 0 0 1 20 11 0 1 39 25 0 1 12 15 15 1 0 6 0 1 0 15 6 1 11 15 8 1 0 23 5 1 31 0 0 1 0 0 0 0 0 10 30 1 14 1 24 1 0 0 0 0 38 1 11 1
14 0 17 1 19 12 5 1 0 24 0 1 16 22 22 1 5 0 15 1 20 7 0 1 9 6 9 1 12 0 0 1 24 1 0 1 28 24 0 1 0 0 0 0 0 0 5 1 2 15 0 1 0 0 0 0 14 0 3 1 3 0 0 1 9 0 42 1 28 12 17 1 19 6 0 1 32 11 1 1 21 0 4 1 29 10 0 1 43 26 7 1 37 7 6 1 30 29 0 1 21 7 0 1 64 17 0 1 54 0 3 1 42 19 14 1 67 34 28 1 82 55 42 1 95 66 46 1 99 76 52 1 126 85 69 1 129 60 45 1 120 55 38 1 109 78 59 1 98 65 50 1 86 54 19 1 90 83 20 1 101 41 19 1 55 46 0 1 71 10 16 1 88 39 13 1 59 34 32 1 0 0 0 0 45 3 7 1 54 8 43 1 55 15 15 1 31 4 13 1 0 0 32 1 11 24 14 1 0 0 0 0 22 19 0 1 0 0 0 0 2 0 8 1 4 12 0 1 0 7 0 1 10 0 20 1 6 6 20 1 0 8 0 1
6 0 0 1 25 7 4 1 3 13 6 1 12 1 15 1 14 0 0 1 12 14 0 1 27 0 11 1 0 3 22 1 8 0 17 1 26 0 15 1 13 42 6 1 9 8 0 1 2 28 3 1 9 0 20 1 18 11 0 1 16 14 0 1 0 31 10 1 0 0 31 1 31 20 5 1 0 25 0 1 24 27 7 1 21 0 0 1 32 0 5 1 26 25 13 1 59 17 0 1 55 5 9 1 37 28 4 1 68 14 0 1 40 0 31 1 63 17 10 1 68 16 16 1 65 33 26 1 82 51 56 1 134 83 67 1 108 77 67 1 94 56 29 1 127 71 40 1 111 66 37 1 0 0 0 0 106 59 43 1 0 0 0 0 84 45 38 1 49 27 22 1 62 50 7 1 79 35 0 1 30 9 0 1 32 15 6 1 42 15 16 1 10 4 2 1 31 18 13 1 9 14 1 1 23 4 6 1 23 32 20 1 18 6 0 1 3 0 5 1 27 0 8 1 17 0 18 1 18 26 11 1 9 0 0 1 27 0 0 1 11 16 9 1
