1
53 96 85 62
100 72 54 1 72 54 50 1 79 61 62 1 82 57 68 1 80 47 48 1 60 83 44 1 87 54 43 1 77 63 43 1 91 69 55 1 67 61 53 1 80 78 39 1 0 0 0 0 90 103 71 1 101 74 71 1 105 119 98 1 118 92 101 1 131 110 76 1 123 100 91 1 0 0 0 0 101 114 80 1 111 72 99 1 93 100 68 1 97 66 66 1 96 60 81 1 70 74 58 1 83 65 44 1 74 55 63 1 103 86 46 1 93 74 83 1 0 0 0 0 123 89 64 1 111 98 65 1 120 114 75 1 138 123 93 1 155 132 113 1 130 141 123 1 134 138 120 1 121 112 92 1 131 115 94 1 121 117 80 1 151 132 111 1 150 148 126 1 149 102 81 1 81 84 74 1 71 76 54 1 73 73 69 1 84 66 43 1 92 89 69 1 0 0 0 0 104 101 58 1 109 76 71 1 88 86 94 1 101 85 81 1 100 77 41 1 93 63 60 1 96 92 65 1 70 20 19 1 53 51 24 1 69 43 38 1 66 11 0 1 21 10 27 1 48 2 23 1
84 55 33 1 0 0 0 0 53 45 51 1 38 45 28 1 74 55 43 1 70 57 26 1 67 60 42 1 55 52 29 1 89 80 72 1 77 85 83 1 103 78 59 1 103 64 86 1 0 0 0 0 93 86 69 1 94 127 108 1 129 133 122 1 131 120 104 1 129 135 89 1 99 99 100 1 122 109 90 1 105 86 72 1 93 92 92 1 71 87 59 1 83 76 53 1 59 13 63 1 55 43 63 1 40 38 40 1 79 50 64 1 0 0 0 0 77 74 48 1 110 87 82 1 86 96 92 1 107 90 95 1 106 115 74 1 137 124 83 1 137 121 123 1 142 122 75 1 108 118 115 1 104 127 120 1 124 110 89 1 133 131 103 1 155 162 106 1 141 119 124 1 111 102 95 1 0 0 0 0 114 59 82 1 75 65 52 1 103 80 66 1 87 60 59 1 87 71 53 1 119 71 82 1 112 88 68 1 111 72 78 1 93 55 59 1 92 70 69 1 110 82 55 1 58 23 13 1 54 32 42 1 46 48 35 1 67 55 41 1 0 0 0 0 26 18 6 1
0 0 0 0 68 52 15 1 59 28 53 1 74 49 46 1 84 50 32 1 69 82 55 1 56 56 68 1 59 91 43 1 101 91 95 1 109 106 101 1 77 80 67 1 87 64 36 1 79 81 51 1 65 72 57 1 88 86 68 1 93 92 82 1 86 97 89 1 106 84 65 1 0 0 0 0 95 84 80 1 101 101 87 1 91 70 88 1 76 67 49 1 91 60 70 1 85 63 66 1 67 82 40 1 49 84 65 1 93 61 54 1 76 61 44 1 69 75 35 1 0 0 0 0 0 0 0 0 94 112 81 1 95 95 95 1 106 107 69 1 111 98 80 1 109 105 100 1 128 121 101 1 147 137 90 1 142 87 103 1 111 121 97 1 146 148 106 1 116 118 91 1 130 113 81 1 100 86 65 1 91 101 62 1 94 82 65 1 118 86 64 1 92 81 60 1 108 77 60 1 0 0 0 0 104 103 82 1 133 110 66 1 124 78 73 1 0 0 0 0 90 62 59 1 79 38 36 1 0 0 0 0 97 77 65 1 101 69 72 1 118 62 65 1 104 77 89 1
55 57 25 1 49 44 43 1 30 35 27 1 60 42 9 1 39 60 52 1 58 68 22 1 72 76 30 1 97 89 83 1 104 111 76 1 155 124 132 1 85 53 74 1 78 51 48 1 41 32 47 1 19 68 45 1 24 37 56 1 64 50 45 1 82 50 59 1 105 68 55 1 0 0 0 0 126 111 60 1 92 84 59 1 82 95 82 1 89 68 93 1 105 66 69 1 96 91 73 1 92 69 72 1 93 62 64 1 79 59 42 1 90 59 55 1 94 96 84 1 119 90 81 1 115 110 108 1 87 94 65 1 75 86 62 1 59 106 73 1 69 107 63 1 117 85 84 1 147 120 102 1 124 117 115 1 138 95 105 1 115 109 108 1 117 107 111 1 131 129 104 1 90 111 110 1 98 91 72 1 0 0 0 0 107 113 86 1 87 81 83 1 107 83 64 1 99 92 92 1 130 96 77 1 114 115 93 1 148 102 78 1 148 95 110 1 116 90 62 1 86 66 45 1 68 22 35 1 95 33 72 1 136 88 79 1 152 119 95 1 0 0 0 0 198 153 131 1
0 0 0 0 46 35 42 1 62 52 43 1 44 11 58 1 23 53 45 1 62 35 48 1 58 51 70 1 64 72 57 1 92 92 73 1 103 124 81 1 24 77 34 1 42 60 45 1 27 16 36 1 45 65 40 1 51 46 48 1 27 39 65 1 51 63 45 1 37 65 44 1 38 70 67 1 77 61 71 1 82 60 57 1 61 65 67 1 67 37 31 1 34 57 67 1 62 39 70 1 64 68 30 1 84 63 38 1 50 73 76 1 73 63 83 1 74 73 71 1 68 77 56 1 78 51 70 1 0 0 0 0 89 49 51 1 89 68 83 1 83 80 108 1 77 75 62 1 74 66 95 1 92 89 54 1 89 72 70 1 108 69 84 1 95 78 65 1 97 100 81 1 122 106 111 1 127 92 98 1 112 108 77 1 87 67 62 1 83 61 52 1 49 77 62 1 61 50 62 1 103 72 88 1 119 132 121 1 139 138 139 1 150 142 143 1 116 102 113 1 83 60 40 1 50 0 28 1 21 0 44 1 36 19 29 1 44 13 17 1 0 0 0 0 58 41 34 1
43 42 61 1 43 65 45 1 50 46 60 1 45 49 36 1 53 66 47 1 65 59 67 1 71 75 58 1 56 73 60 1 74 110 77 1 81 104 90 1 48 52 45 1 41 42 57 1 44 65 42 1 50 33 58 1 52 49 33 1 52 64 64 1 66 58 69 1 0 0 0 0 39 23 65 1 43 56 42 1 0 0 0 0 74 63 61 1 89 60 54 1 45 55 68 1 51 41 54 1 66 49 48 1 76 53 56 1 54 59 60 1 78 70 41 1 71 71 79 1 63 60 64 1 92 73 89 1 79 45 40 1 75 59 57 1 87 100 67 1 92 65 93 1 0 0 0 0 82 67 51 1 66 71 30 1 0 0 0 0 81 88 62 1 68 81 72 1 61 78 101 1 102 85 56 1 109 108 102 1 113 118 122 1 0 0 0 0 89 72 58 1 76 62 81 1 82 83 69 1 94 67 68 1 124 130 110 1 140 111 129 1 139 110 142 1 103 99 102 1 72 56 60 1 25 29 26 1 11 17 29 1 26 20 29 1 46 20 8 1 2 45 21 1 9 18 16 1
42 55 55 1 38 76 39 1 60 45 61 1 49 66 38 1 65 68 84 1 44 69 50 1 57 71 50 1 52 67 49 1 58 78 58 1 0 0 0 0 41 69 58 1 47 68 53 1 32 47 30 1 56 38 56 1 53 60 41 1 65 75 42 1 71 67 62 1 57 37 61 1 58 38 21 1 65 50 62 1 70 59 60 1 59 49 24 1 56 59 60 1 58 44 50 1 50 46 47 1 50 64 21 1 48 51 23 1 66 47 31 1 0 0 0 0 65 35 55 1 0 0 0 0 85 62 65 1 94 60 49 1 69 58 60 1 72 78 46 1 75 67 48 1 50 49 38 1 78 83 56 1 49 62 32 1 55 40 33 1 67 45 59 1 95 59 16 1 92 70 47 1 102 68 75 1 98 80 63 1 97 84 79 1 82 60 60 1 61 59 48 1 86 54 50 1 36 63 61 1 77 52 55 1 87 87 95 1 109 70 80 1 0 0 0 0 92 58 91 1 60 38 72 1 17 1 38 1 31 23 23 1 6 33 22 1 51 20 49 1 28 0 14 1 0 19 9 1
52 47 42 1 72 65 36 1 58 69 73 1 34 43 39 1 37 71 64 1 53 45 60 1 0 0 0 0 63 80 69 1 75 83 84 1 75 59 73 1 37 30 38 1 54 48 28 1 61 49 44 1 39 62 63 1 64 62 38 1 38 69 80 1 27 63 53 1 69 73 50 1 46 38 56 1 33 82 46 1 33 48 30 1 42 40 46 1 41 40 51 1 23 55 48 1 57 64 43 1 70 41 53 1 69 47 38 1 51 53 47 1 50 48 46 1 71 44 56 1 56 36 90 1 59 55 60 1 0 0 0 0 41 46 68 1 69 56 51 1 66 48 65 1 0 0 0 0 44 22 39 1 41 65 41 1 54 57 41 1 69 78 40 1 36 63 47 1 57 69 34 1 52 46 58 1 56 43 45 1 61 73 57 1 57 41 34 1 60 44 45 1 50 40 50 1 32 59 41 1 51 42 82 1 0 0 0 0 54 79 88 1 53 62 76 1 51 59 54 1 27 10 53 1 39 31 29 1 2 27 56 1 0 0 0 0 35 47 48 1 22 47 36 1 2 0 50 1
44 52 60 1 43 37 56 1 47 33 37 1 40 46 61 1 45 34 58 1 47 47 67 1 65 57 51 1 0 0 0 0 43 60 72 1 47 59 47 1 0 0 0 0 70 45 46 1 56 38 42 1 46 49 52 1 46 52 47 1 51 73 71 1 57 67 81 1 48 70 30 1 37 53 57 1 55 61 52 1 63 47 27 1 59 56 29 1 0 0 0 0 40 28 41 1 0 0 0 0 17 40 58 1 44 31 44 1 55 56 37 1 51 39 59 1 52 40 51 1 45 53 54 1 55 35 62 1 49 55 37 1 45 42 42 1 62 67 46 1 65 60 28 1 31 47 46 1 62 43 33 1 58 55 71 1 67 64 43 1 40 52 36 1 73 65 5 1 27 58 47 1 0 0 0 0 38 35 24 1 42 42 61 1 63 37 61 1 45 33 63 1 44 49 29 1 43 25 45 1 33 59 26 1 0 0 0 0 43 44 40 1 34 53 61 1 39 28 41 1 39 35 33 1 37 30 51 1 53 34 41 1 53 65 53 1 50 40 48 1 59 54 65 1 13 33 40 1
31 38 69 1 21 50 57 1 36 46 57 1 40 45 78 1 40 45 59 1 52 56 69 1 19 64 75 1 46 84 50 1 36 68 81 1 49 47 80 1 0 0 0 0 27 46 49 1 63 21 56 1 26 34 36 1 38 43 73 1 0 0 0 0 55 39 71 1 60 73 83 1 46 59 67 1 61 52 66 1 47 46 34 1 51 60 52 1 47 48 49 1 0 0 0 0 78 20 41 1 30 27 45 1 72 47 70 1 45 67 28 1 46 61 52 1 67 58 70 1 57 46 71 1 77 39 59 1 35 81 54 1 50 73 55 1 24 63 56 1 53 68 82 1 60 31 66 1 51 56 38 1 59 56 22 1 67 81 63 1 32 67 53 1 49 48 18 1 43 49 43 1 51 20 55 1 25 69 52 1 53 49 11 1 29 29 54 1 54 51 45 1 0 0 0 0 37 49 39 1 49 24 44 1 53 50 56 1 32 39 35 1 45 41 57 1 44 40 54 1 36 26 46 1 53 44 41 1 39 43 42 1 38 41 59 1 34 34 66 1 39 66 40 1 45 51 72 1
0 0 0 0 64 63 68 1 49 68 90 1 36 52 61 1 48 55 59 1 58 36 64 1 24 54 46 1 60 55 81 1 38 68 53 1 42 46 66 1 41 56 63 1 54 40 61 1 52 54 33 1 57 44 71 1 47 70 45 1 61 58 67 1 25 62 66 1 51 56 50 1 42 71 62 1 63 33 70 1 42 64 45 1 60 56 58 1 37 89 24 1 0 0 0 0 51 46 62 1 55 38 57 1 71 23 67 1 50 32 38 1 59 39 34 1 54 34 59 1 13 57 44 1 42 46 64 1 29 55 66 1 50 51 46 1 40 58 57 1 54 61 31 1 0 0 0 0 57 33 58 1 71 48 55 1 17 75 52 1 46 51 56 1 34 65 26 1 40 62 57 1 40 46 52 1 25 64 52 1 33 46 50 1 49 47 53 1 36 71 23 1 0 0 0 0 59 30 36 1 26 35 55 1 46 56 25 1 68 39 50 1 68 14 53 1 43 48 53 1 49 18 50 1 47 49 67 1 33 42 68 1 0 0 0 0 25 41 43 1 29 25 55 1 37 31 51 1
57 67 72 1 74 71 54 1 50 71 66 1 54 64 80 1 60 36 49 1 62 57 73 1 68 72 78 1 61 55 34 1 43 62 77 1 60 61 78 1 65 55 76 1 39 48 68 1 40 56 70 1 0 0 0 0 63 61 57 1 56 59 47 1 52 71 81 1 49 71 79 1 55 52 81 1 52 76 52 1 53 45 47 1 40 47 50 1 69 52 77 1 41 76 53 1 35 51 57 1 50 55 40 1 54 47 45 1 44 58 57 1 0 0 0 0 58 47 51 1 65 36 45 1 49 29 44 1 46 37 48 1 72 32 75 1 21 33 72 1 73 31 55 1 35 47 57 1 33 45 49 1 42 45 34 1 49 54 22 1 41 56 15 1 47 78 36 1 54 40 31 1 23 48 59 1 48 37 50 1 43 35 48 1 38 52 46 1 37 46 62 1 37 41 70 1 45 26 23 1 42 45 55 1 13 46 42 1 38 54 55 1 43 29 24 1 33 51 27 1 59 38 48 1 0 0 0 0 0 0 0 0 0 0 0 0 0 0 0 0 29 31 63 1 33 34 53 1
47 87 105 1 80 76 77 1 89 57 81 1 71 91 89 1 72 78 99 1 90 88 78 1 94 66 88 1 82 72 84 1 64 77 101 1 100 72 99 1 77 102 70 1 70 77 83 1 73 116 102 1 61 74 77 1 66 72 83 1 58 86 100 1 78 77 72 1 64 76 65 1 82 57 97 1 84 64 81 1 67 51 88 1 41 69 99 1 44 65 91 1 83 53 49 1 80 54 81 1 67 68 97 1 53 60 70 1 61 46 81 1 74 50 91 1 61 72 75 1 0 0 0 0 61 69 57 1 59 54 56 1 61 80 67 1 74 15 39 1 44 49 66 1 52 63 79 1 33 46 57 1 39 47 85 1 50 78 75 1 53 54 71 1 28 47 81 1 0 0 0 0 41 42 71 1 52 64 55 1 38 76 77 1 50 77 64 1 48 50 71 1 0 0 0 0 0 0 0 0 35 58 24 1 38 35 68 1 57 42 16 1 58 51 57 1 54 50 59 1 0 0 0 0 54 58 49 1 40 80 42 1 0 0 0 0 62 54 44 1 61 55 56 1 51 39 57 1
97 83 98 1 79 93 98 1 80 73 105 1 72 87 82 1 0 0 0 0 91 81 83 1 104 78 89 1 114 75 79 1 80 93 75 1 59 89 72 1 84 89 110 1 92 106 87 1 73 122 93 1 76 83 101 1 66 106 111 1 70 95 106 1 63 81 102 1 0 0 0 0 70 77 87 1 92 65 92 1 44 79 92 1 83 83 91 1 75 73 106 1 91 73 75 1 64 92 96 1 67 77 83 1 97 78 86 1 80 75 80 1 57 89 70 1 68 79 114 1 0 0 0 0 55 59 62 1 61 55 78 1 56 52 43 1 43 42 76 1 81 38 47 1 58 50 75 1 69 65 83 1 61 44 69 1 57 60 95 1 54 62 78 1 54 64 73 1 67 62 77 1 55 95 70 1 57 56 84 1 59 62 77 1 0 0 0 0 52 52 56 1 47 70 57 1 34 55 55 1 48 36 5 1 32 22 37 1 45 21 58 1 44 44 46 1 67 33 53 1 55 54 45 1 33 50 52 1 43 55 47 1 76 53 57 1 49 70 65 1 66 53 68 1 43 53 61 1
73 74 92 1 0 0 0 0 74 90 124 1 82 96 106 1 99 54 108 1 75 97 113 1 95 82 76 1 75 80 102 1 91 78 107 1 65 76 86 1 108 74 95 1 86 75 107 1 66 80 85 1 96 105 82 1 87 73 105 1 88 94 100 1 97 88 95 1 87 115 91 1 57 110 71 1 60 62 97 1 71 58 96 1 97 105 111 1 62 55 78 1 78 73 116 1 76 82 97 1 106 55 75 1 0 0 0 0 75 69 109 1 79 70 114 1 81 65 87 1 80 66 75 1 72 68 83 1 73 83 120 1 85 78 100 1 58 73 103 1 71 63 79 1 91 65 96 1 75 80 99 1 94 63 127 1 97 93 108 1 71 97 111 1 0 0 0 0 43 72 93 1 86 69 97 1 92 63 104 1 58 99 85 1 68 54 64 1 67 63 67 1 0 0 0 0 32 65 52 1 51 45 51 1 31 47 57 1 57 59 59 1 46 33 37 1 33 39 53 1 52 36 83 1 64 40 76 1 50 53 52 1 56 48 52 1 14 53 69 1 69 43 57 1 50 52 61 1
52 74 87 1 106 80 88 1 91 91 63 1 55 103 105 1 82 85 105 1 78 80 71 1 77 73 95 1 106 92 94 1 73 81 91 1 51 93 118 1 88 66 91 1 64 96 120 1 0 0 0 0 65 78 105 1 91 85 87 1 81 73 113 1 0 0 0 0 83 69 96 1 70 89 85 1 80 50 89 1 100 70 96 1 72 101 92 1 71 81 82 1 62 112 114 1 100 101 99 1 62 87 96 1 0 0 0 0 66 75 70 1 84 68 111 1 93 57 97 1 106 73 86 1 65 101 96 1 81 65 89 1 61 60 113 1 73 59 88 1 59 97 81 1 63 93 137 1 0 0 0 0 88 60 112 1 86 88 114 1 74 79 86 1 69 59 99 1 52 68 84 1 40 68 106 1 75 76 77 1 78 82 67 1 48 76 81 1 62 57 77 1 37 43 79 1 22 72 80 1 55 54 34 1 7 37 77 1 49 52 29 1 25 52 34 1 13 27 50 1 39 37 65 1 32 44 29 1 32 57 53 1 44 41 68 1 26 44 47 1 50 42 60 1 50 63 57 1
87 65 114 1 65 74 110 1 0 0 0 0 84 87 91 1 62 94 92 1 79 56 98 1 67 68 87 1 81 98 78 1 0 0 0 0 71 67 112 1 90 82 89 1 85 88 100 1 79 97 92 1 72 95 90 1 72 78 98 1 58 94 101 1 74 86 74 1 66 79 101 1 70 53 61 1 56 59 93 1 79 91 90 1 84 71 90 1 60 96 83 1 107 60 93 1 0 0 0 0 72 86 87 1 81 97 71 1 82 61 76 1 67 58 73 1 85 77 102 1 67 73 80 1 56 58 100 1 68 73 83 1 63 70 82 1 94 54 69 1 57 63 89 1 90 56 77 1 61 65 80 1 38 61 110 1 61 64 88 1 59 67 71 1 57 60 83 1 60 48 90 1 0 0 0 0 63 86 89 1 31 75 74 1 56 63 94 1 55 66 81 1 58 38 76 1 0 0 0 0 24 54 40 1 7 46 46 1 30 48 48 1 23 32 44 1 21 51 41 1 24 41 39 1 23 27 42 1 7 34 48 1 31 15 27 1 34 20 44 1 30 32 36 1 17 62 40 1
87 95 72 1 64 25 88 1 71 81 79 1 78 58 97 1 59 87 87 1 79 86 81 1 45 79 100 1 59 94 116 1 0 0 0 0 64 56 96 1 72 72 87 1 87 85 86 1 50 85 110 1 58 92 104 1 68 62 94 1 79 99 105 1 86 79 84 1 73 90 77 1 73 97 107 1 83 77 80 1 76 74 67 1 63 82 72 1 62 88 56 1 0 0 0 0 92 84 84 1 64 77 103 1 64 66 105 1 74 62 103 1 71 39 64 1 0 0 0 0 75 71 94 1 87 67 103 1 65 76 98 1 77 49 74 1 75 53 79 1 61 63 76 1 66 82 72 1 75 71 91 1 47 60 94 1 70 36 92 1 28 48 82 1 55 65 73 1 30 76 84 1 71 43 59 1 38 72 74 1 57 93 101 1 29 70 96 1 41 74 56 1 22 34 67 1 12 69 52 1 9 32 52 1 30 38 39 1 39 43 63 1 7 43 26 1 0 0 0 0 27 43 34 1 13 34 35 1 28 33 28 1 2 44 29 1 39 37 64 1 48 35 30 1 28 43 49 1
48 76 70 1 0 0 0 0 72 72 60 1 44 60 78 1 65 78 91 1 60 68 64 1 60 87 87 1 57 79 65 1 79 68 66 1 0 0 0 0 85 59 74 1 67 74 99 1 58 74 95 1 60 74 82 1 68 56 77 1 67 84 71 1 62 62 75 1 58 65 83 1 51 50 86 1 55 61 93 1 57 74 84 1 43 57 79 1 67 60 79 1 74 90 105 1 0 0 0 0 36 57 73 1 51 61 64 1 31 57 88 1 71 46 96 1 86 74 89 1 56 57 80 1 59 46 63 1 61 54 61 1 54 71 78 1 0 0 0 0 60 81 78 1 0 0 0 0 39 46 87 1 47 81 105 1 59 62 79 1 52 58 96 1 62 61 62 1 45 87 69 1 23 58 70 1 27 57 67 1 5 31 46 1 3 24 54 1 9 32 38 1 32 43 48 1 0 19 54 1 9 32 35 1 0 31 49 1 5 22 48 1 10 25 23 1 27 16 19 1 0 23 64 1 20 54 46 1 0 0 0 0 27 27 0 1 0 19 12 1 0 7 29 1 0 3 45 1
71 59 67 1 66 60 94 1 68 74 91 1 70 97 79 1 82 72 60 1 61 92 80 1 55 65 100 1 78 75 93 1 0 0 0 0 66 79 68 1 45 83 79 1 49 79 62 1 48 65 104 1 63 70 101 1 35 93 53 1 76 67 79 1 73 70 87 1 66 81 54 1 68 72 89 1 58 58 75 1 57 66 91 1 0 0 0 0 29 73 73 1 54 69 70 1 0 0 0 0 51 60 73 1 63 55 73 1 69 63 83 1 37 70 82 1 64 69 74 1 33 61 69 1 63 45 88 1 45 64 71 1 67 57 66 1 40 63 68 1 63 49 64 1 0 0 0 0 43 71 73 1 35 53 83 1 43 72 91 1 49 55 57 1 58 54 60 1 7 39 64 1 17 70 79 1 62 51 51 1 31 44 75 1 28 34 41 1 25 39 48 1 46 47 57 1 47 23 40 1 19 28 64 1 0 40 52 1 16 54 49 1 0 24 42 1 0 6 27 1 11 10 50 1 0 0 0 0 0 37 14 1 0 2 55 1 0 14 30 1 0 0 0 0 0 32 16 1
94 105 104 1 73 85 99 1 77 85 92 1 84 74 71 1 91 52 103 1 0 0 0 0 67 63 86 1 53 86 98 1 59 67 107 1 59 88 72 1 54 77 86 1 92 60 71 1 50 74 74 1 66 74 64 1 62 59 104 1 65 89 94 1 54 83 92 1 75 66 84 1 48 55 71 1 47 56 66 1 50 58 103 1 66 71 86 1 64 56 76 1 81 59 75 1 51 74 60 1 51 60 82 1 45 58 60 1 40 50 75 1 67 63 57 1 40 77 81 1 51 42 107 1 44 67 76 1 35 62 60 1 62 68 79 1 63 53 70 1 38 83 68 1 46 64 47 1 45 45 94 1 55 51 92 1 49 76 53 1 45 52 55 1 56 29 83 1 28 29 73 1 58 70 64 1 34 28 61 1 28 65 71 1 31 39 44 1 21 32 49 1 0 41 55 1 13 52 35 1 25 38 62 1 0 16 28 1 0 36 32 1 0 30 42 1 14 22 7 1 1 27 33 1 20 40 38 1 0 0 0 0 8 21 27 1 0 0 0 0 0 0 0 0 0 41 27 1
70 79 96 1 61 83 87 1 49 75 90 1 52 72 82 1 33 74 94 1 71 85 98 1 54 89 93 1 70 76 87 1 60 86 82 1 60 54 85 1 40 65 107 1 74 75 83 1 83 61 128 1 61 77 79 1 64 83 57 1 71 72 72 1 49 64 82 1 69 52 99 1 58 53 66 1 81 76 99 1 0 0 0 0 59 63 88 1 92 71 85 1 0 0 0 0 52 84 82 1 58 65 88 1 68 66 107 1 77 53 86 1 68 79 75 1 52 64 88 1 69 80 73 1 69 67 58 1 26 67 89 1 34 39 50 1 0 0 0 0 57 56 46 1 36 55 72 1 46 49 80 1 30 66 65 1 45 54 57 1 31 60 98 1 37 44 67 1 32 45 73 1 27 53 41 1 36 56 48 1 17 44 76 1 15 37 42 1 14 30 58 1 11 35 35 1 6 17 59 1 14 24 40 1 0 32 71 1 0 19 16 1 0 20 25 1 0 31 38 1 0 37 29 1 0 26 19 1 14 25 19 1 5 17 31 1 4 16 37 1 4 8 13 1 0 36 60 1
63 84 87 1 71 81 107 1 0 0 0 0 81 95 73 1 67 91 84 1 60 86 95 1 62 88 80 1 51 86 89 1 66 67 83 1 63 77 71 1 54 90 88 1 56 66 74 1 60 83 104 1 60 72 83 1 66 92 83 1 62 75 99 1 53 72 87 1 47 74 98 1 65 89 86 1 77 55 86 1 61 72 63 1 69 55 75 1 65 92 65 1 54 62 82 1 68 68 97 1 0 0 0 0 47 88 82 1 72 53 103 1 63 50 76 1 58 59 81 1 51 78 73 1 52 87 75 1 60 71 88 1 79 109 87 1 59 80 78 1 70 79 69 1 0 0 0 0 67 74 103 1 91 96 110 1 64 97 116 1 101 91 129 1 84 109 123 1 99 98 107 1 93 88 113 1 70 94 88 1 92 65 99 1 79 85 81 1 46 54 81 1 0 0 0 0 38 61 59 1 10 34 49 1 22 36 59 1 45 23 32 1 26 20 41 1 17 9 43 1 0 0 0 0 3 33 46 1 24 19 27 1 0 25 12 1 14 34 20 1 0 24 58 1 3 19 39 1
90 111 94 1 76 67 101 1 72 77 92 1 62 75 96 1 88 66 96 1 54 73 70 1 0 0 0 0 74 54 83 1 74 103 91 1 70 76 79 1 47 72 79 1 69 70 89 1 71 73 69 1 69 87 97 1 0 0 0 0 64 60 80 1 65 65 110 1 37 65 81 1 63 63 95 1 54 54 79 1 61 69 105 1 58 77 80 1 66 79 88 1 61 64 76 1 47 79 76 1 48 55 71 1 59 69 82 1 48 87 53 1 60 57 70 1 60 74 80 1 57 71 90 1 75 83 81 1 56 67 94 1 60 46 99 1 47 77 104 1 0 0 0 0 86 89 104 1 73 104 108 1 94 92 106 1 0 0 0 0 102 106 126 1 86 91 143 1 61 116 113 1 74 102 113 1 87 83 108 1 0 0 0 0 45 50 76 1 59 53 84 1 46 66 76 1 40 44 66 1 11 65 56 1 52 49 62 1 23 33 48 1 31 30 33 1 5 5 24 1 25 49 48 1 0 0 0 0 0 0 0 0 0 25 35 1 8 11 31 1 26 20 17 1 9 34 43 1
81 80 89 1 56 71 98 1 84 68 122 1 67 91 95 1 86 80 95 1 60 67 93 1 67 73 101 1 69 79 84 1 56 76 98 1 65 58 76 1 60 51 93 1 59 72 83 1 30 86 79 1 78 60 79 1 69 74 80 1 63 78 92 1 53 57 78 1 36 89 81 1 73 65 70 1 67 65 82 1 65 79 76 1 52 64 92 1 63 69 83 1 62 65 69 1 73 59 84 1 70 76 80 1 56 50 61 1 55 56 86 1 0 0 0 0 39 65 86 1 64 90 80 1 48 93 105 1 69 85 91 1 29 84 100 1 90 71 76 1 65 71 97 1 73 83 111 1 99 96 112 1 0 0 0 0 121 97 132 1 73 83 122 1 68 98 78 1 69 96 111 1 58 80 108 1 0 0 0 0 72 68 101 1 57 46 48 1 33 85 44 1 22 44 65 1 31 19 51 1 19 5 66 1 33 55 60 1 7 38 57 1 30 33 63 1 10 10 30 1 13 20 44 1 24 34 43 1 27 44 12 1 29 24 48 1 0 26 58 1 29 32 0 1 31 33 50 1
81 80 93 1 76 96 102 1 72 74 86 1 78 69 92 1 72 88 74 1 0 0 0 0 73 51 75 1 76 83 94 1 73 89 111 1 46 63 102 1 73 86 74 1 28 85 97 1 62 90 100 1 0 0 0 0 55 94 91 1 66 82 63 1 43 61 63 1 0 0 0 0 37 48 91 1 36 57 65 1 52 57 66 1 60 61 86 1 56 80 79 1 53 68 62 1 83 68 87 1 41 75 59 1 50 63 78 1 48 56 73 1 83 84 68 1 60 62 85 1 33 71 80 1 39 47 66 1 62 71 92 1 101 82 82 1 0 0 0 0 68 83 102 1 61 103 113 1 84 108 121 1 89 121 111 1 70 110 103 1 93 91 100 1 72 82 95 1 64 99 108 1 59 74 82 1 0 0 0 0 53 71 79 1 60 70 51 1 38 35 67 1 53 46 62 1 64 22 94 1 40 49 47 1 36 42 52 1 0 0 0 0 21 31 57 1 2 34 16 1 20 37 33 1 23 28 11 1 6 11 31 1 0 41 2 1 26 26 25 1 46 43 37 1 35 47 32 1
74 93 89 1 71 75 108 1 0 0 0 0 92 73 120 1 66 98 95 1 85 97 121 1 0 0 0 0 69 81 105 1 77 77 98 1 62 98 87 1 76 64 70 1 66 82 99 1 52 82 89 1 51 87 87 1 85 64 95 1 39 85 76 1 56 56 70 1 52 92 85 1 63 77 83 1 0 0 0 0 0 0 0 0 59 59 87 1 64 58 81 1 71 86 62 1 46 70 88 1 41 78 63 1 69 87 81 1 32 81 70 1 61 75 96 1 65 75 95 1 70 82 71 1 59 74 92 1 56 94 110 1 82 67 76 1 69 100 80 1 70 79 103 1 82 73 84 1 78 95 79 1 54 73 73 1 62 63 87 1 65 64 91 1 52 56 86 1 69 70 54 1 42 58 53 1 62 80 60 1 49 59 49 1 74 48 78 1 0 0 0 0 66 41 45 1 39 14 41 1 28 27 35 1 38 10 48 1 11 21 31 1 34 25 32 1 0 0 0 0 0 0 0 0 59 44 42 1 59 50 38 1 28 48 73 1 55 51 40 1 35 39 43 1 64 46 42 1
89 77 110 1 95 117 107 1 87 102 106 1 100 95 88 1 43 98 96 1 0 0 0 0 97 99 84 1 0 0 0 0 93 97 106 1 82 81 101 1 79 107 95 1 0 0 0 0 71 101 84 1 66 94 70 1 78 114 93 1 76 50 88 1 64 67 75 1 87 67 93 1 76 81 75 1 90 65 107 1 96 94 113 1 74 84 90 1 0 0 0 0 58 76 83 1 0 0 0 0 58 72 85 1 92 105 105 1 56 95 77 1 95 94 91 1 92 102 93 1 0 0 0 0 75 88 98 1 71 94 79 1 66 95 101 1 73 97 100 1 78 72 37 1 65 78 86 1 72 77 80 1 44 52 75 1 0 0 0 0 17 53 74 1 51 68 65 1 39 67 75 1 47 54 79 1 46 55 91 1 52 78 56 1 68 67 45 1 22 41 66 1 30 48 53 1 60 40 48 1 7 26 41 1 11 25 30 1 7 51 35 1 26 23 5 1 21 28 23 1 56 20 54 1 53 48 54 1 32 74 37 1 63 42 65 1 0 0 0 0 47 21 58 1 0 0 0 0
116 119 120 1 110 119 116 1 108 111 120 1 103 99 122 1 92 83 92 1 101 107 95 1 94 87 123 1 81 88 92 1 107 92 104 1 0 0 0 0 72 115 95 1 80 101 94 1 88 65 123 1 82 126 103 1 60 67 75 1 53 89 88 1 48 89 97 1 63 87 102 1 82 87 82 1 76 99 92 1 72 92 104 1 77 83 83 1 78 73 93 1 65 69 90 1 61 71 73 1 94 53 83 1 77 92 117 1 60 89 83 1 90 93 94 1 95 80 94 1 78 97 119 1 50 98 96 1 103 99 67 1 64 109 83 1 81 75 90 1 64 84 86 1 71 91 63 1 51 53 64 1 72 63 68 1 70 56 68 1 61 90 63 1 36 68 68 1 51 61 74 1 27 78 93 1 50 62 68 1 49 48 77 1 47 70 64 1 29 48 52 1 39 27 54 1 41 43 62 1 36 24 62 1 17 21 46 1 26 44 36 1 42 36 46 1 30 56 40 1 42 63 44 1 61 56 66 1 45 34 70 1 80 80 53 1 51 92 90 1 36 43 54 1 26 38 36 1
77 129 134 1 133 127 128 1 114 113 139 1 128 115 137 1 88 89 132 1 148 100 131 1 115 125 106 1 98 103 122 1 93 98 95 1 0 0 0 0 117 93 105 1 97 107 93 1 96 107 116 1 82 82 120 1 85 80 100 1 84 112 85 1 79 91 105 1 48 80 96 1 107 82 90 1 82 76 104 1 82 71 87 1 94 89 100 1 87 110 86 1 83 83 99 1 75 94 83 1 92 101 104 1 71 106 73 1 78 82 98 1 83 107 123 1 88 106 111 1 91 98 106 1 77 106 108 1 68 109 103 1 55 86 91 1 0 0 0 0 74 83 76 1 53 59 83 1 35 61 82 1 52 43 94 1 60 45 75 1 74 53 80 1 56 53 96 1 50 90 92 1 0 0 0 0 51 85 65 1 29 86 74 1 0 0 0 0 41 63 61 1 39 73 59 1 59 45 47 1 36 33 32 1 29 37 37 1 34 31 36 1 16 26 40 1 53 30 44 1 28 48 53 1 61 68 71 1 65 53 61 1 56 58 84 1 61 61 70 1 49 27 46 1 17 30 46 1
146 147 169 1 154 165 144 1 161 150 164 1 163 148 164 1 147 182 171 1 138 149 182 1 136 135 162 1 148 165 159 1 0 0 0 0 140 131 156 1 140 140 139 1 163 157 140 1 138 118 120 1 112 124 143 1 125 130 138 1 100 132 145 1 145 132 118 1 115 101 116 1 117 112 110 1 119 114 116 1 113 125 100 1 112 121 102 1 94 110 113 1 127 116 110 1 126 119 94 1 96 94 108 1 90 77 113 1 115 87 127 1 81 99 95 1 69 88 108 1 95 82 106 1 97 70 95 1 78 113 92 1 58 78 65 1 59 94 60 1 75 76 78 1 44 72 92 1 44 51 68 1 68 44 73 1 60 75 67 1 41 51 83 1 44 61 58 1 62 81 50 1 50 60 69 1 53 74 78 1 52 60 77 1 39 51 58 1 26 58 54 1 45 41 62 1 28 42 28 1 17 30 43 1 30 20 28 1 20 39 37 1 24 21 29 1 29 31 49 1 45 36 33 1 57 52 37 1 48 48 69 1 44 56 59 1 33 41 44 1 42 42 35 1 24 40 44 1
138 170 182 1 174 207 182 1 186 151 176 1 173 193 187 1 185 189 184 1 183 187 194 1 188 162 171 1 163 163 203 1 150 158 175 1 190 143 181 1 183 139 185 1 160 170 171 1 167 201 162 1 154 156 157 1 140 164 171 1 155 138 155 1 142 157 162 1 149 128 138 1 134 146 136 1 142 144 143 1 119 113 169 1 121 125 132 1 96 114 123 1 100 108 119 1 143 113 136 1 94 120 103 1 120 130 107 1 0 0 0 0 122 96 98 1 92 122 96 1 94 104 103 1 80 90 83 1 77 76 67 1 66 45 87 1 43 72 88 1 56 93 86 1 64 63 65 1 43 61 77 1 41 53 75 1 52 64 62 1 17 46 88 1 0 0 0 0 71 55 70 1 58 59 69 1 45 47 58 1 61 56 88 1 31 35 63 1 20 50 60 1 43 53 37 1 0 45 48 1 31 1 34 1 0 0 0 0 0 19 43 1 11 3 44 1 4 40 10 1 4 0 34 1 44 39 24 1 30 47 44 1 48 21 42 1 46 31 44 1 22 31 44 1 4 16 21 1
185 190 203 1 196 184 186 1 204 185 161 1 193 199 181 1 192 199 176 1 193 206 177 1 197 189 174 1 173 188 159 1 203 183 172 1 184 176 179 1 182 195 185 1 179 190 178 1 194 193 192 1 0 0 0 0 175 192 188 1 179 186 175 1 186 169 163 1 191 171 167 1 0 0 0 0 166 191 164 1 186 166 188 1 180 181 164 1 191 189 181 1 192 184 157 1 173 165 166 1 186 162 181 1 183 185 186 1 197 170 186 1 189 194 180 1 167 174 179 1 187 182 191 1 0 0 0 0 185 186 188 1 187 192 173 1 165 175 191 1 167 186 177 1 188 182 174 1 182 176 152 1 168 204 191 1 164 162 186 1 162 164 181 1 179 170 188 1 182 163 170 1 168 151 164 1 0 0 0 0 169 160 123 1 170 150 176 1 172 162 164 1 140 137 157 1 165 121 148 1 155 128 143 1 0 0 0 0 126 127 135 1 137 115 149 1 0 0 0 0 0 0 0 0 147 124 128 1 143 142 124 1 143 146 139 1 127 125 122 1 147 126 118 1 132 145 150 1
193 206 201 1 214 185 188 1 202 195 172 1 191 188 201 1 203 193 188 1 204 201 185 1 180 195 172 1 193 186 216 1 192 199 203 1 204 204 183 1 193 179 197 1 198 204 194 1 210 184 159 1 190 170 197 1 175 187 159 1 0 0 0 0 181 177 177 1 184 194 213 1 0 0 0 0 194 195 153 1 0 0 0 0 177 165 178 1 200 188 204 1 174 162 188 1 165 191 192 1 188 173 183 1 205 173 156 1 177 180 196 1 173 208 196 1 198 202 188 1 205 192 205 1 191 202 203 1 194 172 184 1 181 192 185 1 197 180 195 1 205 190 202 1 202 185 191 1 190 198 171 1 181 188 207 1 185 202 187 1 180 168 181 1 183 174 205 1 174 190 196 1 176 157 176 1 169 177 172 1 181 174 176 1 149 183 175 1 162 175 164 1 175 165 153 1 0 0 0 0 189 152 171 1 160 182 158 1 165 165 137 1 163 157 161 1 0 0 0 0 123 175 175 1 153 165 166 1 0 0 0 0 179 170 159 1 193 166 140 1 174 182 151 1 177 156 155 1
182 196 193 1 197 207 187 1 170 179 189 1 199 177 185 1 191 200 200 1 188 181 185 1 179 201 181 1 183 199 196 1 183 186 195 1 178 178 189 1 209 219 183 1 193 199 191 1 203 168 184 1 169 192 188 1 193 195 182 1 184 171 180 1 203 179 197 1 181 182 154 1 168 184 161 1 200 202 187 1 182 183 195 1 187 177 174 1 201 184 185 1 0 0 0 0 196 186 165 1 201 186 184 1 193 207 196 1 207 175 176 1 186 184 197 1 201 193 181 1 211 187 170 1 213 210 206 1 195 182 182 1 201 191 217 1 184 190 181 1 183 192 203 1 193 188 172 1 189 203 186 1 163 185 209 1 204 172 181 1 185 163 207 1 169 184 181 1 211 170 175 1 175 186 205 1 170 186 168 1 171 159 178 1 0 0 0 0 182 181 192 1 177 162 172 1 179 172 208 1 184 178 173 1 190 173 177 1 174 177 182 1 160 165 178 1 147 173 147 1 170 150 165 1 167 157 166 1 183 143 142 1 194 178 166 1 177 165 181 1 195 151 135 1 157 149 151 1
206 180 176 1 190 180 186 1 195 191 171 1 211 205 187 1 190 208 160 1 193 184 159 1 205 191 179 1 185 194 183 1 201 173 175 1 185 198 184 1 194 189 175 1 216 160 162 1 199 189 190 1 176 210 177 1 193 193 171 1 194 207 161 1 185 209 178 1 173 188 182 1 184 194 179 1 204 179 153 1 187 166 179 1 196 184 167 1 0 0 0 0 201 192 168 1 181 193 168 1 167 174 184 1 185 189 161 1 186 198 149 1 0 0 0 0 212 193 195 1 193 192 187 1 186 177 202 1 199 186 181 1 195 187 166 1 182 207 174 1 180 183 190 1 0 0 0 0 187 178 174 1 0 0 0 0 173 201 183 1 165 172 183 1 188 165 182 1 196 176 182 1 184 151 153 1 173 156 183 1 172 188 183 1 171 172 174 1 169 181 189 1 0 0 0 0 189 182 152 1 0 0 0 0 183 175 177 1 0 0 0 0 191 175 182 1 170 164 165 1 194 194 152 1 193 183 152 1 183 201 151 1 176 177 156 1 181 161 174 1 180 195 146 1 155 165 158 1
201 180 138 1 184 181 162 1 165 196 162 1 181 194 194 1 177 185 167 1 0 0 0 0 190 174 188 1 178 199 151 1 172 166 171 1 215 164 151 1 187 157 172 1 177 189 178 1 188 179 157 1 186 167 172 1 180 186 167 1 191 179 188 1 173 160 169 1 183 187 164 1 194 197 182 1 213 194 191 1 216 167 154 1 189 187 161 1 183 175 163 1 176 209 160 1 197 186 185 1 198 183 168 1 198 172 172 1 173 185 151 1 191 185 199 1 193 194 160 1 205 186 180 1 202 206 164 1 193 191 163 1 186 199 187 1 172 185 156 1 190 182 180 1 175 175 182 1 169 176 159 1 160 160 163 1 179 170 182 1 190 172 162 1 162 187 164 1 169 182 177 1 175 155 163 1 206 200 200 1 175 170 156 1 180 181 171 1 178 197 179 1 177 179 192 1 180 192 188 1 204 185 196 1 185 178 170 1 178 187 193 1 186 168 153 1 186 183 166 1 180 150 171 1 168 173 190 1 185 164 166 1 170 174 172 1 185 165 150 1 167 179 149 1 182 170 184 1
186 181 170 1 198 183 179 1 180 195 191 1 185 170 184 1 190 195 185 1 194 212 188 1 191 168 180 1 199 181 200 1 176 172 165 1 188 197 168 1 182 171 170 1 185 181 166 1 184 193 186 1 0 0 0 0 191 191 156 1 149 165 181 1 184 194 175 1 176 179 155 1 169 179 166 1 200 170 202 1 215 169 182 1 200 174 181 1 201 186 177 1 204 176 176 1 182 202 189 1 186 193 184 1 195 187 173 1 193 196 176 1 150 189 173 1 205 187 167 1 162 183 181 1 202 201 170 1 203 182 180 1 183 187 180 1 172 187 176 1 186 202 155 1 172 182 149 1 170 181 159 1 198 156 184 1 163 185 137 1 172 174 171 1 153 162 164 1 164 165 179 1 204 177 182 1 174 186 178 1 189 195 195 1 178 190 160 1 208 214 175 1 187 190 163 1 183 191 199 1 190 184 195 1 184 181 173 1 163 185 171 1 0 0 0 0 164 174 187 1 169 156 173 1 181 149 162 1 163 194 152 1 199 182 161 1 172 201 171 1 165 191 144 1 172 173 156 1
158 180 179 1 176 149 172 1 176 186 189 1 161 190 164 1 171 154 188 1 175 162 159 1 166 171 185 1 190 147 173 1 174 167 169 1 167 188 168 1 170 176 196 1 212 171 189 1 155 188 189 1 0 0 0 0 182 187 166 1 177 160 187 1 164 184 170 1 162 185 182 1 178 195 187 1 181 184 174 1 182 172 169 1 199 179 186 1 183 187 171 1 191 176 182 1 183 183 173 1 193 187 163 1 205 207 156 1 164 199 157 1 192 191 164 1 191 200 197 1 188 174 165 1 184 177 179 1 178 151 169 1 197 189 172 1 183 194 163 1 188 175 186 1 177 184 166 1 178 169 157 1 181 147 166 1 205 156 202 1 206 179 152 1 174 178 149 1 163 164 176 1 170 176 194 1 196 191 171 1 198 178 166 1 191 201 166 1 199 205 153 1 184 209 153 1 179 183 180 1 188 195 170 1 191 176 177 1 210 186 162 1 195 198 173 1 181 179 146 1 175 183 159 1 161 159 163 1 170 187 151 1 180 170 155 1 158 177 144 1 172 191 140 1 160 173 162 1
158 169 161 1 0 0 0 0 142 163 139 1 145 171 143 1 137 140 141 1 166 151 161 1 182 199 155 1 0 0 0 0 186 180 192 1 174 186 187 1 0 0 0 0 193 176 172 1 177 179 186 1 167 168 177 1 178 178 193 1 195 176 168 1 185 184 158 1 205 197 180 1 207 167 183 1 166 188 167 1 192 178 163 1 187 185 172 1 190 175 194 1 170 176 157 1 201 201 172 1 202 175 166 1 192 178 176 1 172 173 151 1 194 189 159 1 0 0 0 0 189 184 170 1 178 181 148 1 185 185 169 1 201 219 186 1 191 186 172 1 176 193 141 1 185 175 171 1 186 156 152 1 177 181 182 1 168 179 172 1 189 172 151 1 170 179 182 1 172 193 172 1 177 157 156 1 0 0 0 0 206 173 173 1 193 183 163 1 185 196 170 1 181 189 154 1 160 187 168 1 192 162 169 1 188 169 180 1 178 169 161 1 166 189 170 1 169 163 147 1 140 184 156 1 180 159 158 1 196 158 159 1 163 156 158 1 187 166 156 1 179 170 150 1 200 192 182 1
114 113 145 1 145 125 171 1 126 139 160 1 130 119 144 1 128 122 140 1 142 135 157 1 129 141 135 1 125 130 141 1 148 138 154 1 125 134 154 1 147 168 157 1 144 151 162 1 166 164 177 1 150 148 160 1 151 155 138 1 143 142 164 1 175 142 153 1 156 144 166 1 144 162 144 1 169 153 163 1 120 130 180 1 142 145 160 1 165 167 150 1 168 152 164 1 140 158 149 1 124 142 151 1 153 165 145 1 146 161 152 1 169 161 131 1 150 173 157 1 162 160 138 1 136 182 154 1 159 151 164 1 164 162 172 1 145 154 172 1 160 166 145 1 172 179 141 1 158 172 169 1 0 0 0 0 148 157 148 1 158 179 155 1 0 0 0 0 157 176 149 1 0 0 0 0 179 163 174 1 170 175 176 1 169 163 168 1 169 189 166 1 0 0 0 0 189 157 155 1 176 177 156 1 178 157 166 1 146 175 167 1 155 177 134 1 159 188 153 1 186 156 153 1 158 159 178 1 176 184 148 1 165 181 164 1 169 165 158 1 158 182 149 1 167 175 147 1
124 110 114 1 109 131 137 1 133 148 162 1 150 135 138 1 0 0 0 0 98 128 159 1 118 139 145 1 126 118 149 1 127 131 160 1 148 139 155 1 143 146 126 1 140 131 139 1 129 150 152 1 130 138 134 1 147 138 176 1 140 136 127 1 134 161 140 1 129 130 136 1 123 124 115 1 131 136 130 1 132 134 136 1 111 140 111 1 123 104 130 1 119 120 123 1 132 132 117 1 141 153 158 1 139 133 127 1 119 132 140 1 146 130 142 1 139 135 139 1 135 141 139 1 134 129 138 1 127 141 141 1 159 153 155 1 135 129 135 1 178 141 185 1 143 167 147 1 133 160 170 1 130 166 156 1 139 160 158 1 135 150 154 1 140 170 137 1 146 161 130 1 149 155 166 1 161 149 172 1 162 165 147 1 170 149 160 1 172 150 167 1 169 156 150 1 188 154 167 1 163 146 176 1 155 174 154 1 150 164 151 1 149 179 150 1 157 164 155 1 158 169 159 1 159 141 161 1 167 160 148 1 159 149 161 1 156 174 146 1 151 183 138 1 181 160 154 1
105 143 138 1 126 134 148 1 113 132 136 1 130 101 141 1 108 119 158 1 90 130 157 1 145 108 124 1 129 155 154 1 112 154 137 1 129 140 150 1 108 130 147 1 81 101 152 1 0 0 0 0 115 121 171 1 84 136 140 1 108 122 160 1 121 117 157 1 123 126 142 1 127 108 144 1 117 121 132 1 99 98 156 1 105 139 141 1 95 141 168 1 130 111 157 1 112 124 127 1 92 115 138 1 117 119 132 1 101 139 123 1 113 123 110 1 132 130 131 1 94 119 148 1 89 117 138 1 121 147 134 1 0 0 0 0 140 122 142 1 98 147 151 1 127 134 156 1 120 137 124 1 98 148 138 1 161 137 145 1 137 141 135 1 127 154 174 1 135 131 146 1 125 144 144 1 119 127 127 1 129 120 167 1 147 134 137 1 147 119 144 1 147 142 144 1 126 122 140 1 0 0 0 0 137 118 142 1 122 146 149 1 135 145 161 1 134 126 155 1 128 166 159 1 139 155 153 1 116 133 133 1 122 135 151 1 142 146 149 1 138 136 137 1 139 152 119 1
132 140 170 1 101 100 128 1 118 126 121 1 110 110 150 1 0 0 0 0 110 115 157 1 119 141 154 1 110 144 157 1 113 124 152 1 134 144 168 1 93 143 131 1 131 112 128 1 117 126 144 1 131 117 101 1 100 117 126 1 115 125 163 1 119 121 127 1 97 130 135 1 0 0 0 0 0 0 0 0 98 118 149 1 108 123 154 1 133 133 155 1 101 104 133 1 120 114 133 1 115 94 133 1 112 77 122 1 109 134 113 1 118 139 134 1 106 129 135 1 102 119 138 1 112 105 140 1 115 108 131 1 115 109 118 1 110 123 122 1 129 120 142 1 128 129 118 1 121 123 150 1 111 140 126 1 94 122 135 1 106 128 148 1 101 100 130 1 112 128 128 1 118 117 124 1 122 128 137 1 151 128 137 1 118 102 138 1 141 143 131 1 101 104 132 1 144 131 116 1 103 137 138 1 119 130 134 1 120 110 145 1 125 127 142 1 119 151 123 1 119 119 160 1 115 120 138 1 130 141 134 1 0 0 0 0 113 126 129 1 100 140 157 1 112 140 139 1
132 139 133 1 115 104 137 1 114 113 130 1 99 80 123 1 114 124 156 1 104 111 136 1 93 126 139 1 107 131 128 1 112 107 151 1 105 108 145 1 117 133 147 1 110 119 132 1 108 131 124 1 85 107 132 1 116 104 156 1 121 124 133 1 102 125 112 1 90 123 125 1 112 110 137 1 117 126 149 1 73 123 137 1 123 116 114 1 89 119 136 1 110 121 147 1 98 121 116 1 0 0 0 0 130 120 115 1 125 122 110 1 98 111 138 1 109 118 130 1 0 0 0 0 103 123 110 1 0 0 0 0 104 107 137 1 110 107 109 1 110 118 140 1 112 130 134 1 115 107 124 1 123 122 139 1 0 0 0 0 130 80 132 1 94 111 161 1 109 103 125 1 99 106 148 1 113 84 117 1 104 92 115 1 92 123 128 1 91 107 116 1 101 97 109 1 122 119 99 1 121 86 125 1 106 104 122 1 0 0 0 0 118 115 137 1 117 92 134 1 95 121 111 1 0 0 0 0 0 0 0 0 95 90 121 1 98 137 110 1 89 121 135 1 106 111 125 1
119 123 120 1 109 135 143 1 113 141 158 1 132 115 120 1 121 97 142 1 109 113 138 1 101 115 143 1 122 106 133 1 120 115 138 1 96 96 123 1 111 146 125 1 103 118 139 1 117 124 105 1 132 116 131 1 125 97 118 1 136 119 124 1 0 0 0 0 132 107 161 1 97 108 123 1 128 83 108 1 101 135 116 1 119 112 152 1 0 0 0 0 98 126 116 1 102 106 139 1 0 0 0 0 84 99 127 1 106 111 120 1 82 115 108 1 84 129 110 1 94 117 113 1 0 0 0 0 89 121 126 1 96 119 126 1 0 0 0 0 94 103 119 1 125 86 124 1 112 115 106 1 117 117 106 1 98 107 104 1 85 100 127 1 112 113 126 1 77 121 112 1 84 119 92 1 89 90 114 1 76 101 120 1 90 133 100 1 104 90 128 1 99 116 110 1 85 89 99 1 115 96 126 1 99 137 117 1 107 103 126 1 87 121 133 1 109 142 110 1 94 105 110 1 110 100 83 1 99 104 127 1 84 109 116 1 109 87 107 1 0 0 0 0 106 117 106 1
120 101 125 1 125 105 136 1 142 118 120 1 87 126 121 1 111 105 109 1 113 87 110 1 92 119 113 1 90 102 121 1 77 111 119 1 104 102 115 1 118 111 100 1 98 111 120 1 123 94 107 1 95 92 109 1 97 110 130 1 119 104 133 1 111 112 144 1 120 109 107 1 0 0 0 0 105 120 118 1 0 0 0 0 99 121 107 1 103 107 126 1 121 121 118 1 108 113 101 1 116 88 127 1 94 116 106 1 109 106 142 1 83 98 119 1 86 106 89 1 121 102 103 1 98 100 109 1 83 109 84 1 109 113 102 1 99 118 101 1 106 90 105 1 107 115 120 1 105 149 110 1 126 94 115 1 101 101 116 1 99 103 117 1 105 106 128 1 103 98 126 1 111 121 138 1 0 0 0 0 93 118 112 1 109 102 119 1 90 99 142 1 73 93 114 1 0 0 0 0 121 137 119 1 81 95 128 1 115 111 124 1 89 107 141 1 110 104 95 1 111 98 114 1 107 101 107 1 98 102 99 1 106 126 99 1 74 100 113 1 97 99 113 1 0 0 0 0
121 166 170 1 162 140 177 1 144 127 148 1 146 151 140 1 143 144 140 1 0 0 0 0 126 138 132 1 0 0 0 0 122 126 145 1 110 109 159 1 104 137 133 1 0 0 0 0 128 116 137 1 120 124 143 1 116 117 123 1 101 138 119 1 103 94 114 1 101 109 122 1 96 124 115 1 112 111 132 1 96 116 116 1 112 117 134 1 119 108 137 1 115 105 122 1 106 106 117 1 117 92 124 1 0 0 0 0 0 0 0 0 102 114 125 1 102 130 115 1 111 104 128 1 0 0 0 0 79 95 130 1 90 116 118 1 134 100 123 1 0 0 0 0 78 99 123 1 0 0 0 0 93 107 138 1 133 118 121 1 104 103 114 1 107 99 117 1 0 0 0 0 114 111 112 1 106 125 110 1 90 107 129 1 96 134 108 1 88 107 129 1 108 106 118 1 120 106 126 1 103 101 125 1 126 110 127 1 91 95 102 1 111 121 146 1 79 104 120 1 95 121 108 1 100 111 106 1 107 107 118 1 55 92 115 1 91 107 106 1 84 104 123 1 106 107 106 1
200 187 197 1 197 163 188 1 216 172 187 1 184 212 193 1 172 184 171 1 188 177 171 1 171 158 198 1 177 181 170 1 0 0 0 0 180 160 170 1 152 136 205 1 179 152 160 1 145 142 150 1 0 0 0 0 150 135 141 1 125 153 163 1 151 138 156 1 145 167 131 1 131 147 135 1 138 122 142 1 0 0 0 0 141 132 125 1 121 135 139 1 116 138 135 1 148 134 141 1 121 118 113 1 120 104 122 1 0 0 0 0 113 124 160 1 130 135 116 1 116 126 121 1 121 136 110 1 125 147 124 1 121 107 135 1 147 114 117 1 104 123 132 1 124 116 123 1 113 101 118 1 119 115 105 1 0 0 0 0 132 133 129 1 131 142 148 1 0 0 0 0 118 130 133 1 108 119 105 1 110 129 137 1 119 97 99 1 91 98 126 1 133 108 107 1 86 142 110 1 0 0 0 0 108 113 91 1 106 94 98 1 116 106 126 1 126 76 114 1 0 0 0 0 74 96 90 1 67 96 126 1 92 108 76 1 95 97 77 1 106 86 82 1 85 100 95 1
176 190 211 1 203 191 220 1 194 201 186 1 210 219 199 1 186 206 202 1 220 183 197 1 0 0 0 0 210 204 209 1 196 192 174 1 212 188 183 1 176 172 191 1 161 177 179 1 177 169 165 1 171 164 197 1 173 161 152 1 153 160 163 1 163 155 165 1 145 143 155 1 168 166 153 1 0 0 0 0 146 155 144 1 156 165 158 1 127 148 144 1 153 135 141 1 146 120 137 1 123 145 152 1 132 123 132 1 124 134 150 1 138 131 139 1 149 126 137 1 121 147 146 1 113 132 122 1 122 113 126 1 107 139 116 1 0 0 0 0 116 128 120 1 106 130 131 1 112 114 114 1 103 123 118 1 114 120 141 1 120 138 135 1 123 109 126 1 124 140 134 1 114 93 133 1 123 96 89 1 0 0 0 0 95 96 128 1 106 85 96 1 117 106 120 1 77 101 96 1 102 115 101 1 116 95 106 1 95 101 115 1 109 63 72 1 0 0 0 0 105 92 84 1 92 85 91 1 81 105 83 1 78 70 84 1 88 101 83 1 94 103 78 1 76 90 81 1
212 198 189 1 193 187 176 1 202 193 183 1 184 180 182 1 203 174 202 1 189 178 194 1 187 196 170 1 193 198 205 1 206 185 207 1 195 193 175 1 225 192 216 1 207 198 218 1 242 193 192 1 195 174 161 1 184 191 213 1 181 200 188 1 188 169 191 1 207 160 183 1 187 180 188 1 180 212 198 1 171 195 184 1 203 167 175 1 182 166 166 1 183 176 154 1 190 157 161 1 163 176 176 1 166 156 188 1 0 0 0 0 215 151 172 1 181 168 179 1 0 0 0 0 183 156 159 1 168 161 153 1 193 180 157 1 186 189 189 1 167 157 168 1 157 138 154 1 181 140 122 1 183 141 147 1 160 147 133 1 166 142 129 1 0 0 0 0 179 146 142 1 0 0 0 0 155 134 115 1 145 122 114 1 131 144 144 1 161 126 131 1 128 126 122 1 0 0 0 0 121 122 120 1 97 106 125 1 129 100 116 1 140 124 123 1 113 71 81 1 100 131 103 1 117 105 102 1 98 99 106 1 109 111 105 1 106 97 92 1 111 114 100 1 128 120 104 1
207 176 176 1 187 191 178 1 184 193 198 1 185 184 166 1 187 166 181 1 186 178 171 1 224 215 163 1 189 167 175 1 179 179 179 1 207 201 171 1 188 176 212 1 205 184 198 1 214 178 208 1 186 179 196 1 203 195 199 1 209 173 195 1 202 200 213 1 220 205 176 1 205 198 203 1 187 173 194 1 204 214 237 1 212 198 197 1 0 0 0 0 201 182 191 1 210 204 179 1 176 199 187 1 196 180 172 1 213 198 186 1 199 210 182 1 180 188 194 1 199 187 194 1 202 194 196 1 184 175 171 1 174 182 170 1 191 169 179 1 185 172 190 1 164 174 196 1 163 138 161 1 162 148 173 1 167 163 145 1 193 176 164 1 0 0 0 0 0 0 0 0 152 131 150 1 157 143 139 1 153 133 113 1 147 157 126 1 160 151 127 1 145 147 150 1 147 145 130 1 123 118 109 1 134 114 118 1 143 143 107 1 126 117 107 1 131 141 109 1 122 88 107 1 115 130 97 1 123 128 125 1 120 108 96 1 117 74 107 1 126 111 109 1 113 106 100 1
185 177 180 1 198 180 158 1 200 199 173 1 196 169 178 1 193 182 191 1 197 202 163 1 185 184 181 1 191 209 170 1 187 185 200 1 188 177 196 1 180 191 187 1 198 187 196 1 205 185 223 1 195 166 165 1 187 182 209 1 213 186 191 1 195 195 192 1 206 189 190 1 190 174 186 1 185 201 205 1 202 170 194 1 202 226 174 1 190 203 211 1 166 185 185 1 0 0 0 0 0 0 0 0 191 176 210 1 189 178 169 1 178 212 189 1 201 197 215 1 205 203 215 1 200 203 189 1 198 189 160 1 168 181 198 1 205 181 189 1 182 179 187 1 187 186 160 1 192 174 151 1 152 162 150 1 143 143 148 1 147 139 132 1 139 140 104 1 125 126 131 1 0 0 0 0 183 166 152 1 186 152 143 1 187 150 155 1 149 161 130 1 159 165 148 1 179 147 153 1 208 159 152 1 0 0 0 0 152 160 162 1 151 166 155 1 153 146 140 1 0 0 0 0 125 134 148 1 150 145 151 1 0 0 0 0 175 145 151 1 136 163 143 1 141 169 156 1
0 0 0 0 197 159 197 1 173 177 190 1 164 182 180 1 188 180 175 1 185 194 183 1 185 160 162 1 197 163 153 1 201 165 199 1 201 176 171 1 0 0 0 0 188 187 173 1 185 203 185 1 204 202 166 1 205 186 182 1 210 169 203 1 0 0 0 0 198 166 179 1 186 158 176 1 223 185 169 1 216 181 179 1 209 152 184 1 200 183 171 1 200 180 203 1 187 180 174 1 199 184 178 1 201 179 149 1 218 203 172 1 188 186 199 1 0 0 0 0 205 192 197 1 212 165 197 1 183 177 190 1 207 175 196 1 201 147 181 1 225 190 168 1 222 167 175 1 194 154 149 1 181 139 134 1 167 145 121 1 118 114 90 1 0 0 0 0 0 0 0 0 160 116 131 1 199 187 185 1 201 176 183 1 186 168 161 1 192 159 175 1 203 183 167 1 194 169 167 1 203 187 183 1 194 181 182 1 203 156 180 1 202 184 176 1 192 166 158 1 166 144 140 1 202 181 152 1 169 177 158 1 187 185 185 1 209 172 185 1 226 212 221 1 220 215 204 1
192 196 152 1 193 165 168 1 0 0 0 0 172 191 171 1 177 203 175 1 184 190 168 1 182 183 182 1 190 176 165 1 170 179 201 1 196 185 163 1 190 181 160 1 194 184 167 1 205 177 194 1 184 160 169 1 205 180 189 1 217 201 169 1 204 189 194 1 220 192 196 1 209 188 172 1 0 0 0 0 184 180 174 1 203 165 191 1 192 172 176 1 197 179 175 1 159 168 185 1 0 0 0 0 213 162 172 1 175 181 155 1 191 202 160 1 188 163 164 1 196 156 154 1 187 161 170 1 160 142 137 1 142 116 120 1 142 117 119 1 155 111 140 1 172 130 135 1 150 123 147 1 130 130 126 1 156 118 140 1 169 145 119 1 152 132 123 1 192 130 152 1 181 149 133 1 172 153 157 1 189 167 170 1 186 153 138 1 200 131 151 1 209 176 159 1 180 148 151 1 174 145 151 1 0 0 0 0 174 166 158 1 177 153 153 1 188 164 148 1 165 147 153 1 148 154 125 1 119 114 113 1 131 120 109 1 116 128 105 1 170 142 131 1 174 139 154 1
181 190 165 1 172 164 167 1 201 164 166 1 171 186 173 1 196 171 192 1 215 184 169 1 198 167 179 1 181 192 193 1 158 174 201 1 185 179 167 1 175 192 186 1 212 179 185 1 185 181 167 1 191 181 170 1 175 165 184 1 0 0 0 0 204 178 178 1 175 168 181 1 0 0 0 0 208 181 186 1 226 194 157 1 207 161 164 1 192 169 175 1 207 163 157 1 198 166 181 1 181 162 133 1 209 170 128 1 193 200 148 1 178 181 164 1 198 176 149 1 195 162 138 1 204 179 163 1 164 140 127 1 160 139 111 1 132 112 98 1 147 82 81 1 183 126 138 1 169 142 117 1 174 141 111 1 189 140 129 1 184 139 142 1 172 163 154 1 196 140 139 1 189 169 116 1 188 139 125 1 188 132 135 1 195 153 161 1 184 162 163 1 189 137 142 1 176 146 122 1 191 140 138 1 190 167 135 1 0 0 0 0 190 166 150 1 165 151 156 1 195 142 142 1 162 115 129 1 143 98 81 1 131 93 82 1 134 88 83 1 165 114 106 1 159 128 148 1
181 176 192 1 185 174 184 1 182 179 186 1 189 199 189 1 179 187 158 1 0 0 0 0 172 194 174 1 169 179 157 1 165 163 176 1 199 200 172 1 196 187 192 1 182 168 158 1 180 175 149 1 174 194 161 1 186 183 172 1 194 199 178 1 183 203 184 1 228 176 151 1 202 174 159 1 187 181 162 1 195 168 182 1 214 178 176 1 205 175 150 1 202 157 165 1 160 164 151 1 186 132 153 1 207 161 152 1 168 168 121 1 187 169 143 1 181 153 139 1 178 147 151 1 187 150 147 1 176 145 137 1 151 119 104 1 132 120 83 1 143 111 90 1 139 112 105 1 138 107 114 1 142 125 120 1 135 138 117 1 169 135 120 1 177 156 142 1 0 0 0 0 185 138 139 1 179 159 124 1 165 142 113 1 177 172 129 1 159 144 119 1 160 169 139 1 187 138 155 1 182 119 98 1 165 141 92 1 152 133 123 1 176 144 156 1 174 164 127 1 173 139 129 1 163 137 114 1 162 114 121 1 133 147 91 1 129 97 104 1 172 131 129 1 148 166 110 1
175 185 166 1 194 188 177 1 195 179 167 1 224 164 176 1 200 165 150 1 187 173 191 1 176 194 185 1 183 180 184 1 212 177 166 1 195 188 193 1 196 168 163 1 206 179 186 1 191 178 183 1 171 167 165 1 187 186 167 1 194 166 179 1 189 161 177 1 195 163 159 1 0 0 0 0 204 172 174 1 211 157 179 1 180 186 163 1 188 162 172 1 201 165 161 1 0 0 0 0 183 183 143 1 166 143 126 1 178 195 182 1 176 140 141 1 183 151 122 1 170 120 112 1 182 136 140 1 127 139 92 1 141 117 109 1 155 117 100 1 149 96 105 1 138 123 82 1 0 0 0 0 126 104 112 1 167 110 107 1 173 136 124 1 138 170 153 1 169 163 159 1 0 0 0 0 143 121 137 1 176 125 136 1 168 134 141 1 171 149 124 1 162 111 111 1 167 123 115 1 154 109 136 1 147 118 98 1 150 150 129 1 178 160 121 1 182 154 123 1 139 114 136 1 164 113 116 1 138 118 95 1 111 117 109 1 120 137 115 1 175 158 120 1 166 183 124 1
179 145 194 1 168 172 155 1 0 0 0 0 0 0 0 0 189 183 151 1 169 154 151 1 185 177 148 1 174 172 185 1 180 179 173 1 168 180 193 1 174 186 165 1 194 165 173 1 184 151 178 1 176 133 161 1 194 141 175 1 177 149 159 1 171 160 167 1 192 151 169 1 168 150 153 1 201 137 132 1 181 161 166 1 181 146 139 1 0 0 0 0 175 153 152 1 170 163 175 1 185 178 146 1 191 162 173 1 190 162 183 1 203 161 137 1 171 111 147 1 155 121 106 1 0 0 0 0 149 121 97 1 0 0 0 0 164 144 91 1 160 132 115 1 128 117 111 1 154 117 119 1 175 125 119 1 162 136 101 1 143 83 74 1 119 96 112 1 140 107 85 1 0 0 0 0 109 106 73 1 137 105 98 1 142 123 119 1 140 103 116 1 141 102 93 1 138 113 102 1 166 122 138 1 179 116 129 1 166 139 120 1 173 154 128 1 153 139 130 1 132 100 78 1 158 129 117 1 163 130 91 1 148 109 101 1 145 101 111 1 174 97 103 1 155 98 113 1
181 169 171 1 160 168 157 1 172 184 162 1 176 172 153 1 187 161 162 1 191 169 175 1 188 171 190 1 200 162 143 1 173 152 152 1 174 179 165 1 170 166 149 1 186 177 157 1 158 174 158 1 168 167 178 1 172 145 146 1 181 125 143 1 163 167 140 1 157 170 146 1 159 135 163 1 0 0 0 0 187 142 123 1 0 0 0 0 180 141 132 1 167 117 150 1 180 139 161 1 163 123 163 1 137 151 155 1 160 171 116 1 151 168 140 1 136 135 116 1 114 113 79 1 117 80 80 1 165 147 95 1 161 121 115 1 155 148 107 1 179 131 117 1 148 133 124 1 175 113 122 1 136 111 132 1 162 124 100 1 0 0 0 0 123 90 82 1 122 74 73 1 128 72 72 1 112 82 83 1 104 103 83 1 153 91 77 1 140 110 115 1 163 129 100 1 140 111 81 1 152 127 108 1 160 132 103 1 165 109 116 1 173 158 115 1 162 130 102 1 144 125 136 1 171 133 113 1 153 104 113 1 172 106 97 1 163 116 120 1 146 112 90 1 135 92 94 1
171 178 163 1 0 0 0 0 169 165 144 1 157 168 176 1 164 153 164 1 152 156 147 1 166 178 171 1 162 176 166 1 131 174 158 1 167 157 181 1 146 163 171 1 162 160 140 1 171 167 155 1 143 155 155 1 171 155 137 1 176 139 158 1 0 0 0 0 169 130 135 1 160 124 103 1 170 120 110 1 133 116 142 1 140 128 131 1 187 121 119 1 169 140 135 1 166 132 138 1 156 136 147 1 168 136 127 1 181 157 133 1 159 162 122 1 160 126 110 1 151 97 97 1 94 92 79 1 134 106 106 1 144 108 111 1 148 123 126 1 163 116 108 1 119 123 117 1 135 120 121 1 163 113 110 1 149 135 119 1 125 113 94 1 117 87 74 1 84 101 78 1 111 79 69 1 115 68 64 1 110 66 71 1 116 93 99 1 128 90 86 1 135 119 106 1 157 100 91 1 131 109 119 1 128 120 87 1 124 121 91 1 166 106 89 1 144 119 94 1 129 119 103 1 172 121 116 1 152 117 88 1 131 103 101 1 143 94 75 1 140 81 122 1 142 81 69 1
144 150 154 1 134 151 150 1 152 152 168 1 150 135 161 1 173 151 141 1 148 162 138 1 153 164 144 1 143 148 154 1 148 142 164 1 141 140 144 1 131 138 173 1 121 162 144 1 139 153 172 1 124 148 153 1 150 130 132 1 142 140 122 1 0 0 0 0 164 145 138 1 159 135 123 1 0 0 0 0 148 100 104 1 138 120 101 1 141 136 111 1 156 140 115 1 145 112 137 1 173 156 138 1 192 145 131 1 186 145 144 1 167 144 167 1 168 157 135 1 142 122 105 1 130 96 99 1 150 90 92 1 144 110 98 1 143 95 85 1 119 110 98 1 148 103 117 1 0 0 0 0 169 120 117 1 138 124 143 1 164 137 135 1 110 134 74 1 91 117 89 1 112 95 87 1 93 91 65 1 102 54 71 1 137 69 62 1 143 87 81 1 109 81 82 1 116 99 75 1 133 94 81 1 105 80 93 1 101 105 70 1 127 84 77 1 136 105 66 1 134 105 117 1 170 93 113 1 142 133 112 1 121 93 81 1 101 106 68 1 139 85 77 1 141 102 81 1
126 138 119 1 123 120 146 1 140 141 143 1 114 109 118 1 0 0 0 0 158 154 153 1 136 162 127 1 138 157 125 1 142 138 150 1 105 137 147 1 140 140 116 1 114 122 128 1 141 121 126 1 154 146 133 1 123 143 136 1 148 116 124 1 144 106 90 1 150 106 109 1 143 111 131 1 139 120 119 1 130 82 83 1 114 64 89 1 96 93 64 1 130 111 81 1 0 0 0 0 0 0 0 0 185 157 146 1 175 155 136 1 0 0 0 0 172 130 118 1 152 168 121 1 122 111 123 1 148 113 119 1 111 117 130 1 0 0 0 0 119 96 93 1 139 87 96 1 126 98 98 1 157 127 115 1 177 133 127 1 180 115 126 1 162 155 122 1 127 126 95 1 0 0 0 0 115 78 70 1 99 98 56 1 129 107 102 1 133 81 76 1 0 0 0 0 124 86 68 1 106 71 62 1 102 54 54 1 0 0 0 0 102 78 47 1 121 78 94 1 125 92 101 1 124 132 101 1 138 111 97 1 117 103 93 1 132 114 82 1 91 75 75 1 0 0 0 0
0 0 0 0 105 124 132 1 115 125 127 1 104 138 123 1 125 107 120 1 126 126 147 1 100 127 144 1 118 124 131 1 124 118 107 1 130 129 130 1 131 128 113 1 126 111 111 1 103 129 123 1 100 115 125 1 130 105 124 1 125 118 101 1 155 115 85 1 141 111 90 1 150 122 98 1 136 97 99 1 134 74 81 1 93 56 89 1 88 59 64 1 94 85 58 1 148 113 111 1 160 130 146 1 162 150 111 1 147 108 124 1 165 132 128 1 153 144 124 1 124 134 125 1 127 115 88 1 0 0 0 0 144 126 131 1 0 0 0 0 126 67 79 1 131 78 104 1 131 108 80 1 142 125 124 1 0 0 0 0 168 136 98 1 170 144 159 1 134 126 107 1 121 111 119 1 118 102 98 1 136 97 119 1 141 103 79 1 176 111 119 1 145 112 113 1 143 91 91 1 108 59 75 1 103 40 74 1 90 88 69 1 0 0 0 0 131 93 74 1 123 104 103 1 126 97 108 1 139 120 97 1 0 0 0 0 119 106 104 1 98 93 59 1 144 76 56 1
112 125 116 1 109 127 111 1 108 130 112 1 126 126 126 1 104 163 133 1 127 111 130 1 106 127 140 1 112 132 139 1 121 129 140 1 91 115 133 1 131 107 126 1 130 104 108 1 89 109 85 1 95 108 114 1 95 90 82 1 116 75 100 1 138 88 92 1 104 59 93 1 103 69 70 1 131 88 96 1 114 52 82 1 112 80 91 1 111 80 73 1 0 0 0 0 142 148 119 1 141 146 117 1 0 0 0 0 149 128 117 1 129 113 104 1 140 129 134 1 160 105 113 1 131 137 109 1 139 115 100 1 166 101 127 1 104 87 79 1 94 67 53 1 132 91 77 1 99 107 63 1 131 116 82 1 0 0 0 0 121 123 111 1 120 99 107 1 128 108 125 1 126 113 127 1 0 0 0 0 148 101 129 1 135 93 81 1 138 109 118 1 141 103 93 1 157 82 82 1 127 110 82 1 0 0 0 0 112 92 87 1 97 63 76 1 97 128 97 1 152 98 72 1 104 91 64 1 126 103 92 1 124 127 114 1 148 114 92 1 115 88 85 1 121 99 58 1
132 119 138 1 122 141 144 1 114 111 110 1 106 128 111 1 130 147 133 1 142 144 131 1 114 143 132 1 0 0 0 0 126 133 135 1 126 120 119 1 127 117 131 1 100 92 101 1 107 119 96 1 61 83 105 1 93 89 93 1 111 74 108 1 115 80 83 1 100 104 67 1 108 75 67 1 121 56 78 1 100 103 82 1 115 47 71 1 88 94 98 1 132 76 98 1 125 131 95 1 144 136 82 1 0 0 0 0 161 139 122 1 122 109 117 1 132 131 110 1 134 126 109 1 125 112 104 1 119 130 92 1 130 114 117 1 119 70 90 1 0 0 0 0 98 90 86 1 106 72 76 1 111 106 72 1 0 0 0 0 132 97 99 1 123 97 77 1 138 114 85 1 148 119 98 1 137 120 100 1 122 86 136 1 138 101 112 1 0 0 0 0 124 96 110 1 139 122 77 1 148 94 91 1 130 101 85 1 119 96 92 1 112 113 57 1 124 102 82 1 120 107 77 1 83 84 84 1 103 116 61 1 141 118 97 1 110 110 104 1 106 76 64 1 136 72 64 1
133 122 144 1 130 111 138 1 115 86 129 1 120 132 104 1 0 0 0 0 125 135 119 1 119 140 114 1 129 131 143 1 146 113 133 1 114 167 142 1 117 126 119 1 145 129 111 1 0 0 0 0 76 94 113 1 77 62 78 1 93 82 94 1 102 84 92 1 115 80 71 1 93 54 60 1 0 0 0 0 78 56 67 1 89 38 55 1 90 38 81 1 124 73 79 1 151 108 95 1 141 99 123 1 0 0 0 0 138 107 101 1 130 101 79 1 161 105 99 1 118 93 109 1 143 122 87 1 142 120 113 1 135 92 99 1 112 80 92 1 80 67 69 1 104 75 66 1 94 99 89 1 131 92 87 1 114 84 84 1 115 90 88 1 122 84 66 1 99 59 57 1 128 87 77 1 128 111 97 1 122 82 68 1 0 0 0 0 115 97 63 1 144 87 88 1 123 89 104 1 109 86 80 1 134 96 84 1 110 121 80 1 127 100 92 1 94 91 85 1 106 106 78 1 105 43 68 1 126 86 86 1 141 69 75 1 128 94 65 1 114 122 93 1 141 81 61 1
120 112 130 1 102 95 130 1 102 114 133 1 138 91 120 1 131 121 147 1 144 132 126 1 96 127 146 1 115 129 102 1 0 0 0 0 107 143 145 1 130 121 110 1 130 107 113 1 120 119 133 1 117 119 118 1 96 113 97 1 99 70 92 1 86 63 92 1 100 92 102 1 0 0 0 0 106 82 49 1 79 53 48 1 45 30 32 1 61 32 73 1 95 48 62 1 151 117 114 1 130 97 108 1 118 91 87 1 106 109 94 1 119 82 110 1 106 88 70 1 140 61 76 1 125 120 103 1 125 98 102 1 126 109 84 1 135 117 89 1 107 107 91 1 127 75 89 1 140 117 89 1 148 101 100 1 138 100 95 1 134 72 69 1 102 73 44 1 96 56 82 1 84 46 65 1 117 57 75 1 100 75 78 1 112 89 83 1 129 79 82 1 107 92 69 1 101 87 71 1 113 76 73 1 101 89 44 1 98 104 84 1 0 0 0 0 0 0 0 0 124 83 84 1 97 59 29 1 84 62 75 1 131 77 66 1 122 82 86 1 102 78 74 1 118 69 79 1
92 98 78 1 91 107 114 1 97 82 102 1 0 0 0 0 0 0 0 0 124 108 105 1 114 94 119 1 94 108 129 1 104 129 129 1 0 0 0 0 152 137 133 1 119 128 112 1 124 148 138 1 123 90 100 1 111 101 94 1 110 110 88 1 129 115 122 1 112 91 108 1 96 80 54 1 114 95 92 1 120 84 68 1 98 92 64 1 78 34 54 1 89 60 61 1 102 70 72 1 76 72 37 1 148 75 86 1 127 95 80 1 112 107 78 1 0 0 0 0 125 90 74 1 124 80 81 1 136 93 84 1 124 73 63 1 144 91 99 1 133 100 84 1 0 0 0 0 128 110 95 1 135 111 102 1 137 122 124 1 116 80 85 1 106 68 73 1 124 91 105 1 107 102 47 1 114 91 83 1 0 0 0 0 123 99 98 1 134 93 109 1 152 99 69 1 133 110 88 1 121 66 59 1 123 82 67 1 117 76 82 1 118 97 67 1 110 78 88 1 98 59 74 1 0 0 0 0 102 67 80 1 105 80 47 1 92 77 61 1 0 0 0 0 95 61 71 1
76 110 97 1 0 0 0 0 89 100 111 1 88 83 91 1 88 116 123 1 109 137 99 1 104 101 96 1 97 99 102 1 0 0 0 0 127 119 126 1 141 137 142 1 144 114 142 1 122 122 119 1 123 83 118 1 112 93 108 1 112 99 96 1 0 0 0 0 104 106 121 1 100 101 130 1 121 87 85 1 117 66 80 1 82 75 80 1 112 72 91 1 83 56 50 1 120 85 61 1 124 76 55 1 117 77 85 1 113 54 87 1 125 107 78 1 115 93 86 1 116 92 81 1 111 88 75 1 146 73 79 1 89 100 76 1 0 0 0 0 174 117 81 1 127 115 99 1 113 100 83 1 127 70 73 1 128 102 75 1 121 113 88 1 0 0 0 0 145 95 107 1 119 97 103 1 123 83 75 1 0 0 0 0 131 92 70 1 142 120 114 1 118 96 96 1 145 99 106 1 129 91 71 1 131 79 67 1 137 95 99 1 151 93 101 1 128 72 88 1 97 58 58 1 108 75 54 1 106 89 87 1 119 84 61 1 95 67 73 1 102 66 81 1 112 90 57 1
87 94 128 1 127 102 99 1 86 89 106 1 90 94 66 1 107 119 107 1 113 111 93 1 88 96 94 1 104 121 90 1 118 112 138 1 123 118 141 1 139 114 132 1 132 118 129 1 107 98 113 1 0 0 0 0 109 119 108 1 124 99 96 1 117 101 98 1 133 96 118 1 0 0 0 0 0 0 0 0 119 131 116 1 121 112 88 1 97 79 73 1 120 52 71 1 91 66 77 1 125 88 92 1 0 0 0 0 132 71 76 1 123 81 53 1 140 104 84 1 139 94 97 1 127 71 61 1 113 107 90 1 100 71 88 1 118 85 112 1 137 122 101 1 105 100 89 1 129 92 80 1 148 98 90 1 139 126 103 1 143 114 85 1 117 113 109 1 149 130 121 1 128 101 100 1 117 85 104 1 111 91 82 1 152 98 101 1 151 121 109 1 148 107 81 1 129 125 109 1 112 75 91 1 104 88 61 1 148 79 60 1 154 117 96 1 120 108 82 1 106 88 76 1 106 78 57 1 0 0 0 0 120 65 66 1 116 83 87 1 85 77 41 1 100 102 90 1
115 78 119 1 108 83 79 1 110 99 112 1 97 93 87 1 129 98 122 1 106 113 133 1 93 102 83 1 0 0 0 0 128 99 108 1 0 0 0 0 141 126 132 1 123 106 120 1 121 132 119 1 112 129 110 1 105 92 85 1 116 113 98 1 103 107 143 1 134 115 134 1 123 102 122 1 112 90 95 1 117 109 70 1 114 103 89 1 138 86 82 1 109 78 90 1 113 52 80 1 122 104 73 1 112 71 82 1 139 82 90 1 134 77 70 1 0 0 0 0 141 87 68 1 137 106 81 1 145 86 111 1 0 0 0 0 115 121 94 1 110 110 94 1 132 111 82 1 107 77 73 1 141 74 83 1 139 93 111 1 125 106 111 1 134 103 79 1 158 124 110 1 171 95 118 1 114 77 117 1 131 93 96 1 0 0 0 0 122 127 84 1 139 115 105 1 149 80 115 1 124 95 77 1 120 86 114 1 146 116 96 1 0 0 0 0 115 56 84 1 109 89 87 1 82 72 68 1 0 0 0 0 105 68 83 1 112 58 89 1 91 64 73 1 91 70 89 1
121 97 103 1 106 102 90 1 108 110 84 1 105 108 123 1 114 100 110 1 152 106 97 1 116 135 127 1 0 0 0 0 117 117 85 1 107 97 103 1 121 82 136 1 108 109 120 1 152 108 116 1 102 123 110 1 99 67 85 1 112 100 102 1 117 67 47 1 123 82 86 1 152 94 107 1 135 99 123 1 137 92 71 1 133 101 89 1 125 68 84 1 135 106 62 1 155 96 80 1 154 89 92 1 146 66 76 1 125 89 82 1 124 65 90 1 118 83 82 1 158 98 102 1 123 89 95 1 153 130 103 1 169 127 119 1 131 118 102 1 143 89 81 1 0 0 0 0 101 102 73 1 0 0 0 0 126 98 99 1 130 111 109 1 0 0 0 0 202 144 119 1 186 156 158 1 0 0 0 0 163 123 116 1 137 118 107 1 155 116 116 1 153 110 112 1 172 123 109 1 124 87 107 1 144 87 81 1 121 87 91 1 152 121 117 1 158 139 152 1 0 0 0 0 113 101 75 1 90 94 71 1 103 94 104 1 111 66 61 1 154 80 99 1 111 86 107 1
119 93 101 1 133 92 82 1 133 96 98 1 140 101 102 1 127 104 132 1 130 108 114 1 134 117 112 1 155 102 129 1 115 93 112 1 119 94 94 1 124 73 99 1 115 112 78 1 133 104 138 1 130 95 86 1 92 90 83 1 86 82 74 1 121 99 109 1 120 100 77 1 130 104 75 1 0 0 0 0 125 75 108 1 141 87 100 1 145 96 100 1 133 91 89 1 0 0 0 0 153 106 101 1 162 113 110 1 148 80 83 1 136 101 82 1 122 100 60 1 0 0 0 0 161 109 94 1 170 107 104 1 164 115 138 1 0 0 0 0 0 0 0 0 125 75 98 1 161 124 86 1 149 127 118 1 170 142 132 1 162 148 110 1 146 173 123 1 206 169 178 1 199 174 167 1 193 139 165 1 166 124 106 1 157 129 126 1 156 128 148 1 178 133 111 1 170 134 102 1 105 101 101 1 101 95 102 1 153 101 95 1 125 104 121 1 117 101 129 1 137 118 124 1 125 97 99 1 116 98 94 1 113 97 112 1 101 92 79 1 115 127 97 1 130 79 109 1
124 109 94 1 117 100 101 1 105 106 107 1 120 92 71 1 136 120 114 1 109 128 121 1 113 129 119 1 131 110 121 1 109 80 102 1 116 93 100 1 117 86 100 1 95 97 108 1 132 121 142 1 172 125 136 1 97 77 58 1 112 80 74 1 134 96 77 1 148 89 104 1 126 80 100 1 111 76 66 1 151 94 96 1 173 94 101 1 0 0 0 0 141 77 82 1 0 0 0 0 182 106 111 1 0 0 0 0 131 127 74 1 131 108 85 1 124 82 77 1 138 73 41 1 136 99 61 1 142 104 89 1 168 118 113 1 204 126 121 1 134 115 125 1 132 96 106 1 179 122 100 1 171 133 109 1 127 110 91 1 166 107 82 1 0 0 0 0 0 0 0 0 153 152 139 1 158 151 118 1 139 100 129 1 113 92 93 1 143 150 96 1 148 123 107 1 151 121 106 1 136 96 111 1 113 109 112 1 147 92 115 1 126 116 112 1 0 0 0 0 156 119 116 1 109 104 68 1 119 79 86 1 115 88 85 1 115 99 98 1 136 116 122 1 0 0 0 0
100 71 90 1 109 71 115 1 0 0 0 0 105 81 70 1 175 116 116 1 127 113 109 1 0 0 0 0 117 105 94 1 113 96 82 1 114 63 82 1 0 0 0 0 122 82 89 1 151 128 120 1 0 0 0 0 110 81 109 1 113 84 89 1 121 94 51 1 102 76 90 1 114 96 85 1 143 86 72 1 145 109 120 1 167 122 115 1 138 100 96 1 131 72 73 1 139 85 105 1 162 130 109 1 169 105 119 1 128 96 94 1 138 81 62 1 156 114 92 1 121 61 78 1 109 64 67 1 171 112 91 1 152 96 110 1 152 112 111 1 173 146 142 1 159 132 120 1 183 136 133 1 177 149 116 1 170 140 144 1 149 105 115 1 152 124 117 1 195 147 151 1 175 148 145 1 145 119 121 1 124 98 90 1 122 87 92 1 102 104 74 1 107 92 96 1 142 105 85 1 169 108 109 1 135 125 99 1 141 94 101 1 106 92 115 1 123 130 115 1 159 113 102 1 92 82 89 1 0 0 0 0 117 105 101 1 0 0 0 0 127 118 98 1 0 0 0 0
105 60 48 1 96 73 73 1 120 70 59 1 97 72 79 1 123 135 103 1 150 96 129 1 125 125 87 1 114 72 106 1 0 0 0 0 117 76 89 1 118 102 114 1 133 92 84 1 143 107 79 1 126 92 105 1 0 0 0 0 117 64 60 1 110 82 86 1 93 58 60 1 99 67 57 1 126 72 58 1 111 40 63 1 144 93 71 1 176 112 79 1 110 86 67 1 119 100 74 1 112 62 30 1 153 92 77 1 130 81 57 1 139 112 100 1 163 152 118 1 165 141 115 1 189 117 131 1 195 159 134 1 174 143 126 1 167 137 129 1 186 147 133 1 181 141 139 1 157 147 126 1 154 141 95 1 155 119 93 1 136 137 79 1 140 98 91 1 144 122 104 1 134 120 82 1 105 78 103 1 104 92 102 1 107 81 105 1 126 96 106 1 109 83 105 1 113 132 125 1 116 122 125 1 131 106 146 1 137 108 123 1 115 123 103 1 134 107 117 1 170 135 150 1 156 114 117 1 136 106 132 1 127 113 107 1 104 106 89 1 135 122 93 1 0 0 0 0
120 83 61 1 95 60 54 1 110 54 68 1 105 91 79 1 105 86 86 1 125 108 96 1 113 78 93 1 150 88 93 1 110 113 105 1 132 93 104 1 134 107 90 1 122 124 87 1 93 104 68 1 111 57 77 1 91 69 66 1 99 69 57 1 113 64 65 1 0 0 0 0 121 68 63 1 0 0 0 0 127 66 82 1 0 0 0 0 139 108 86 1 0 0 0 0 0 0 0 0 106 56 62 1 137 70 63 1 115 73 66 1 162 132 92 1 198 128 116 1 195 157 145 1 193 162 157 1 197 146 145 1 205 156 129 1 175 178 109 1 173 130 121 1 139 101 117 1 137 110 106 1 119 112 70 1 128 98 95 1 162 115 103 1 153 103 106 1 138 110 91 1 124 122 120 1 141 121 131 1 123 100 103 1 124 120 129 1 114 142 128 1 113 129 122 1 135 98 141 1 120 104 131 1 121 105 113 1 121 105 89 1 92 103 82 1 117 128 92 1 158 124 141 1 134 114 127 1 138 119 99 1 122 107 117 1 159 96 113 1 143 143 150 1 140 112 121 1
116 72 85 1 94 69 66 1 117 77 67 1 104 67 68 1 137 91 107 1 148 93 121 1 125 108 99 1 122 84 100 1 129 80 106 1 121 87 96 1 148 99 99 1 142 102 117 1 134 64 60 1 115 74 99 1 101 70 68 1 84 76 93 1 115 87 88 1 100 94 81 1 163 99 83 1 148 86 67 1 105 90 79 1 159 74 76 1 0 0 0 0 142 111 81 1 139 91 86 1 139 92 80 1 168 109 86 1 160 120 114 1 198 137 150 1 212 159 137 1 0 0 0 0 191 128 110 1 152 103 81 1 142 72 76 1 127 75 70 1 0 0 0 0 165 141 98 1 138 82 101 1 0 0 0 0 128 109 144 1 134 123 95 1 132 131 122 1 104 107 108 1 113 127 145 1 149 126 132 1 139 127 153 1 129 115 121 1 122 107 125 1 130 131 151 1 124 126 127 1 0 0 0 0 149 110 150 1 110 135 111 1 122 101 96 1 141 122 117 1 131 133 146 1 134 124 123 1 129 126 168 1 110 121 126 1 136 130 133 1 119 117 163 1 153 122 116 1
112 86 75 1 88 67 47 1 96 59 51 1 101 73 72 1 138 81 81 1 139 100 102 1 148 114 81 1 140 107 99 1 118 87 73 1 102 75 78 1 112 78 78 1 128 83 89 1 160 85 97 1 112 93 69 1 124 75 65 1 134 92 85 1 100 66 73 1 128 63 78 1 125 76 85 1 128 76 77 1 153 114 88 1 114 83 62 1 108 84 72 1 128 96 83 1 140 107 78 1 158 103 96 1 173 109 89 1 175 130 117 1 207 147 139 1 209 129 136 1 189 160 117 1 195 117 85 1 144 100 108 1 133 82 76 1 121 87 91 1 158 93 93 1 135 94 87 1 116 90 86 1 132 112 92 1 129 96 112 1 140 97 125 1 131 114 105 1 135 106 99 1 128 129 117 1 130 112 132 1 133 146 126 1 125 122 117 1 110 96 106 1 146 147 137 1 146 126 140 1 130 113 126 1 119 127 114 1 138 96 134 1 129 116 118 1 121 106 111 1 131 119 136 1 107 95 117 1 137 115 127 1 128 123 125 1 148 115 112 1 0 0 0 0 138 114 129 1
68 44 46 1 91 47 57 1 93 46 77 1 99 54 74 1 110 100 72 1 132 94 106 1 137 95 93 1 132 98 102 1 95 77 69 1 114 56 55 1 115 46 19 1 89 46 54 1 121 68 78 1 128 95 75 1 0 0 0 0 136 91 84 1 117 65 73 1 104 72 46 1 123 53 67 1 134 63 45 1 124 60 94 1 133 53 67 1 155 73 61 1 111 70 41 1 151 71 79 1 167 91 112 1 188 100 99 1 182 132 138 1 0 0 0 0 197 138 108 1 192 104 97 1 157 104 75 1 166 118 85 1 163 107 87 1 151 115 98 1 0 0 0 0 120 82 102 1 101 79 54 1 108 99 57 1 104 109 78 1 127 120 94 1 115 113 94 1 0 0 0 0 134 111 132 1 116 134 132 1 128 139 130 1 137 116 114 1 136 133 123 1 131 119 125 1 141 140 139 1 132 111 130 1 138 145 115 1 123 109 127 1 106 92 122 1 111 105 120 1 118 96 109 1 113 99 127 1 107 76 107 1 119 100 123 1 127 110 121 1 158 119 113 1 122 114 105 1
81 52 51 1 83 39 42 1 101 61 35 1 93 44 54 1 114 65 84 1 124 83 86 1 146 94 77 1 161 100 87 1 127 60 81 1 87 60 44 1 0 0 0 0 90 69 45 1 99 62 72 1 93 73 62 1 143 102 100 1 121 73 90 1 128 99 69 1 86 42 62 1 82 68 33 1 101 81 72 1 119 81 80 1 115 100 64 1 122 101 92 1 115 72 61 1 153 107 101 1 171 98 84 1 185 102 127 1 187 140 116 1 201 92 89 1 179 122 83 1 208 108 93 1 175 94 88 1 164 118 101 1 133 142 110 1 135 120 101 1 157 125 85 1 97 75 59 1 119 70 89 1 103 119 88 1 94 103 109 1 127 121 116 1 118 107 98 1 130 141 130 1 115 148 139 1 123 106 146 1 119 127 135 1 125 107 105 1 121 123 143 1 124 138 135 1 109 119 120 1 157 116 127 1 103 119 163 1 120 107 92 1 113 107 133 1 101 88 84 1 126 103 124 1 115 97 109 1 118 83 104 1 122 111 120 1 127 106 133 1 136 98 123 1 121 127 115 1
116 69 70 1 96 68 78 1 83 48 80 1 111 59 57 1 108 65 37 1 112 79 93 1 104 74 55 1 112 54 66 1 126 57 81 1 131 94 62 1 134 102 109 1 99 70 88 1 91 68 18 1 90 59 24 1 0 0 0 0 110 58 45 1 112 84 73 1 101 101 57 1 118 91 64 1 121 77 86 1 107 73 76 1 73 62 34 1 0 0 0 0 0 0 0 0 134 73 79 1 146 93 87 1 171 92 89 1 142 104 100 1 177 104 107 1 177 109 97 1 180 107 97 1 158 120 101 1 163 111 109 1 0 0 0 0 155 125 112 1 165 129 138 1 132 110 98 1 161 100 113 1 132 124 127 1 129 105 117 1 138 118 117 1 134 139 105 1 115 122 128 1 151 135 116 1 131 141 136 1 120 138 147 1 106 128 137 1 122 118 116 1 125 140 149 1 0 0 0 0 118 127 125 1 111 163 149 1 107 120 158 1 129 99 115 1 103 124 109 1 119 133 128 1 129 149 133 1 92 126 124 1 129 142 128 1 115 133 127 1 100 129 142 1 120 109 164 1
74 52 76 1 84 49 73 1 0 0 0 0 0 0 0 0 86 22 36 1 78 41 33 1 0 0 0 0 114 78 75 1 117 72 78 1 141 51 91 1 151 111 97 1 147 72 86 1 89 71 17 1 121 66 66 1 94 77 47 1 108 61 61 1 115 95 76 1 113 95 87 1 118 98 101 1 117 75 71 1 76 47 38 1 46 35 45 1 0 0 0 0 119 85 82 1 152 94 82 1 117 62 75 1 0 0 0 0 0 0 0 0 181 120 97 1 180 99 76 1 168 118 109 1 181 112 98 1 160 104 86 1 162 121 108 1 141 133 149 1 0 0 0 0 165 127 117 1 132 120 135 1 120 120 99 1 137 121 120 1 119 136 121 1 138 120 142 1 112 144 125 1 126 120 113 1 82 137 112 1 126 115 120 1 132 114 118 1 121 148 145 1 99 119 157 1 138 148 123 1 117 115 125 1 116 135 149 1 129 116 139 1 121 123 121 1 111 106 139 1 115 139 116 1 143 127 131 1 134 126 118 1 113 113 116 1 129 127 155 1 135 153 144 1 148 124 150 1
116 87 74 1 105 60 59 1 0 0 0 0 95 38 43 1 57 49 32 1 53 31 37 1 94 54 39 1 112 36 44 1 132 78 77 1 113 67 59 1 124 74 49 1 139 98 72 1 120 53 71 1 92 61 55 1 112 73 51 1 108 79 77 1 110 100 65 1 151 91 96 1 117 97 86 1 131 115 105 1 106 84 67 1 95 35 26 1 112 81 70 1 154 107 72 1 0 0 0 0 144 104 94 1 163 108 74 1 189 86 100 1 0 0 0 0 182 101 82 1 178 65 101 1 184 100 111 1 174 89 92 1 0 0 0 0 122 94 103 1 155 111 109 1 142 119 115 1 166 136 133 1 132 118 138 1 132 85 115 1 106 123 88 1 108 130 99 1 127 121 145 1 145 116 138 1 125 158 137 1 121 114 129 1 120 151 135 1 133 115 138 1 121 134 123 1 122 115 133 1 121 105 146 1 125 121 139 1 130 151 130 1 125 128 131 1 127 100 142 1 133 97 137 1 136 128 155 1 113 161 149 1 0 0 0 0 129 114 140 1 114 119 160 1 137 141 124 1
