1
138 24 94 64
0 0 0 0 65 41 50 1 63 61 82 1 62 62 65 1 52 52 52 1 39 54 35 1 50 47 41 1 19 30 26 1 40 20 16 1 35 22 17 1 40 20 32 1 55 13 12 1 36 39 43 1 38 41 44 1 86 24 29 1 50 45 27 1 62 51 50 1 31 44 39 1 54 36 56 1 69 20 33 1 91 49 65 1 0 0 0 0 180 150 148 1 0 0 0 0 179 159 135 1 165 130 148 1 131 138 152 1 132 137 116 1 120 101 121 1 95 86 62 1 0 0 0 0 32 8 36 1 62 56 59 1 73 68 56 1 151 103 106 1 170 149 135 1 156 110 118 1 0 0 0 0 0 0 0 0 136 98 85 1 99 85 103 1 98 96 81 1 121 82 81 1 104 81 103 1 141 94 99 1 101 93 103 1 106 89 103 1 90 68 52 1 28 43 24 1 38 40 31 1 28 0 11 1 9 16 23 1 22 23 31 1 54 30 35 1 84 89 116 1 89 112 96 1 83 82 105 1 100 89 91 1 88 116 117 1 97 132 117 1 121 64 90 1 68 70 69 1 81 64 57 1 89 51 76 1
65 58 62 1 52 56 74 1 72 61 72 1 77 62 72 1 62 46 58 1 58 32 39 1 66 71 38 1 49 25 54 1 51 25 56 1 26 29 54 1 36 27 45 1 30 56 18 1 57 51 73 1 58 38 56 1 0 0 0 0 74 51 49 1 63 64 63 1 53 52 71 1 72 57 50 1 79 31 54 1 71 58 61 1 88 64 73 1 164 129 143 1 141 125 132 1 0 0 0 0 114 106 116 1 120 142 147 1 173 155 142 1 171 178 179 1 166 184 191 1 142 146 141 1 112 115 115 1 0 0 0 0 130 102 99 1 67 92 73 1 84 64 112 1 96 66 82 1 115 112 107 1 107 104 111 1 107 120 126 1 107 128 134 1 132 136 126 1 132 138 138 1 130 125 117 1 127 115 118 1 106 91 126 1 94 65 98 1 83 56 109 1 103 110 123 1 0 0 0 0 120 132 108 1 0 0 0 0 93 75 99 1 81 65 82 1 59 25 62 1 77 51 54 1 61 72 28 1 0 0 0 0 50 54 61 1 80 32 57 1 53 46 61 1 64 64 75 1 80 68 73 1 73 80 66 1
83 71 88 1 74 70 101 1 74 75 94 1 53 62 52 1 86 91 62 1 77 66 64 1 75 47 71 1 51 50 34 1 10 66 50 1 28 29 29 1 0 0 0 0 34 53 49 1 100 46 46 1 83 58 79 1 70 74 54 1 60 54 71 1 45 47 69 1 44 37 48 1 54 55 61 1 0 0 0 0 95 43 70 1 69 105 85 1 162 146 149 1 187 164 138 1 134 123 128 1 139 122 128 1 102 130 121 1 138 121 140 1 133 155 130 1 161 147 157 1 184 206 180 1 163 136 159 1 80 107 101 1 98 90 94 1 92 80 88 1 77 38 55 1 59 87 75 1 90 80 91 1 129 106 102 1 120 106 110 1 113 109 140 1 133 138 117 1 129 127 127 1 0 0 0 0 130 102 125 1 123 106 98 1 0 0 0 0 99 88 110 1 0 0 0 0 117 135 127 1 0 0 0 0 138 141 127 1 100 123 96 1 89 85 88 1 29 36 43 1 26 25 21 1 46 35 29 1 56 61 65 1 56 28 40 1 61 38 48 1 52 50 66 1 43 62 62 1 92 53 64 1 92 70 26 1
79 98 63 1 71 75 78 1 77 60 75 1 72 71 76 1 70 55 60 1 51 45 31 1 83 29 59 1 59 32 66 1 42 25 33 1 18 36 39 1 39 49 43 1 54 24 38 1 99 59 80 1 80 89 67 1 68 58 48 1 56 45 44 1 41 48 40 1 58 52 19 1 62 32 56 1 49 61 43 1 88 57 95 1 114 84 93 1 142 162 147 1 170 150 170 1 0 0 0 0 136 128 127 1 86 106 106 1 125 111 103 1 112 93 105 1 131 130 152 1 184 166 196 1 156 148 160 1 80 103 107 1 103 99 114 1 113 107 90 1 96 89 76 1 86 72 58 1 110 79 97 1 94 90 121 1 130 100 110 1 130 123 130 1 110 117 129 1 150 142 124 1 144 133 140 1 141 132 125 1 100 123 116 1 120 93 97 1 111 97 104 1 88 95 123 1 132 121 111 1 129 115 127 1 108 95 97 1 93 110 76 1 82 73 79 1 41 71 54 1 50 64 66 1 50 54 87 1 70 57 85 1 40 24 47 1 60 57 52 1 69 34 46 1 0 0 0 0 91 64 43 1 55 30 44 1
93 84 82 1 59 88 74 1 65 80 95 1 72 42 62 1 49 73 83 1 63 50 63 1 48 37 53 1 34 26 55 1 21 25 35 1 34 18 41 1 23 24 33 1 28 26 32 1 101 65 108 1 103 78 103 1 50 75 71 1 69 32 42 1 49 31 52 1 76 47 57 1 60 54 49 1 33 39 45 1 62 72 58 1 94 80 64 1 163 147 123 1 0 0 0 0 142 149 144 1 158 131 159 1 0 0 0 0 94 109 107 1 83 105 91 1 100 117 91 1 134 123 130 1 134 149 138 1 0 0 0 0 118 102 123 1 125 140 118 1 132 102 98 1 88 99 85 1 105 101 132 1 0 0 0 0 110 99 86 1 102 119 133 1 111 111 117 1 107 124 93 1 142 119 141 1 93 109 130 1 114 86 118 1 104 114 98 1 124 106 77 1 118 72 119 1 0 0 0 0 77 57 107 1 81 73 78 1 72 62 64 1 78 46 86 1 0 0 0 0 71 29 69 1 86 71 50 1 86 61 52 1 38 11 46 1 38 33 44 1 54 31 49 1 69 42 63 1 69 41 39 1 68 59 38 1
81 68 42 1 92 85 77 1 75 41 48 1 50 42 40 1 40 46 54 1 81 66 67 1 63 57 77 1 49 64 42 1 40 17 50 1 22 40 52 1 20 56 53 1 41 64 49 1 58 55 50 1 67 56 56 1 56 65 75 1 87 59 54 1 63 57 57 1 48 36 50 1 35 51 46 1 0 0 0 0 65 38 48 1 80 48 34 1 43 54 28 1 34 56 29 1 56 70 52 1 77 67 70 1 115 96 104 1 89 79 84 1 102 112 72 1 94 84 94 1 0 0 0 0 135 134 139 1 122 115 115 1 105 105 94 1 82 91 59 1 72 46 46 1 70 52 47 1 56 78 35 1 73 55 51 1 59 38 54 1 14 20 29 1 40 30 38 1 35 27 53 1 76 45 49 1 71 52 71 1 80 52 68 1 73 69 77 1 83 60 56 1 60 68 68 1 77 53 66 1 88 60 61 1 79 74 60 1 93 44 62 1 70 53 49 1 71 41 24 1 46 58 48 1 48 83 63 1 64 36 74 1 70 72 48 1 69 58 47 1 66 82 67 1 0 0 0 0 76 39 54 1 56 57 58 1
65 68 68 1 76 41 55 1 35 53 50 1 70 46 66 1 59 44 53 1 51 46 76 1 62 37 69 1 75 69 42 1 63 22 44 1 55 21 57 1 48 6 50 1 26 45 48 1 37 41 39 1 0 0 0 0 66 45 43 1 61 50 94 1 61 45 60 1 31 47 31 1 50 45 47 1 27 34 60 1 62 40 19 1 30 57 75 1 53 34 47 1 0 0 0 0 52 61 52 1 51 68 79 1 69 90 88 1 0 0 0 0 103 111 93 1 0 0 0 0 111 110 116 1 146 121 153 1 111 119 131 1 106 84 117 1 73 59 89 1 86 83 68 1 62 76 71 1 63 73 71 1 71 65 51 1 56 43 53 1 15 16 36 1 27 37 37 1 0 0 0 0 33 34 27 1 61 66 43 1 50 48 57 1 53 67 78 1 51 60 78 1 68 56 60 1 57 57 67 1 87 56 62 1 77 42 77 1 58 60 72 1 63 65 67 1 62 30 47 1 60 54 53 1 51 41 75 1 62 50 56 1 93 54 62 1 111 71 58 1 75 59 95 1 83 93 60 1 93 63 52 1 72 43 58 1
56 48 47 1 57 43 54 1 71 50 68 1 45 38 44 1 70 40 58 1 45 38 55 1 48 48 73 1 0 0 0 0 30 37 31 1 63 52 33 1 33 54 37 1 51 29 51 1 45 22 69 1 24 40 52 1 48 31 51 1 60 48 63 1 82 47 53 1 57 39 53 1 42 43 56 1 41 44 44 1 65 54 62 1 0 0 0 0 25 57 33 1 47 40 54 1 70 67 68 1 62 71 83 1 85 92 96 1 92 122 114 1 94 83 110 1 107 112 103 1 104 66 100 1 108 95 126 1 90 102 109 1 81 110 94 1 71 62 85 1 69 74 80 1 85 68 91 1 41 86 104 1 66 71 77 1 64 34 84 1 22 11 18 1 18 16 49 1 29 29 38 1 43 39 35 1 23 32 69 1 33 55 65 1 44 23 47 1 70 41 53 1 0 0 0 0 79 53 55 1 53 68 50 1 60 64 65 1 65 87 65 1 68 66 62 1 0 0 0 0 45 49 63 1 58 41 64 1 87 29 54 1 88 45 69 1 86 63 47 1 75 61 70 1 97 52 65 1 85 66 67 1 90 47 76 1
70 22 85 1 39 43 36 1 49 37 46 1 41 67 58 1 37 54 69 1 48 39 43 1 54 29 57 1 25 45 50 1 21 43 31 1 36 33 56 1 0 0 0 0 36 14 74 1 58 36 36 1 40 55 58 1 0 0 0 0 0 0 0 0 36 45 47 1 19 21 34 1 53 44 42 1 69 22 62 1 62 42 45 1 50 71 73 1 53 46 32 1 42 65 50 1 79 99 52 1 105 88 81 1 121 97 110 1 113 99 104 1 89 106 125 1 93 93 93 1 82 98 79 1 89 66 82 1 84 103 103 1 59 68 63 1 74 66 80 1 107 96 105 1 76 89 85 1 0 0 0 0 62 73 80 1 0 0 0 0 39 10 31 1 36 55 30 1 26 42 63 1 25 23 60 1 31 47 35 1 7 21 57 1 49 50 54 1 62 43 74 1 56 59 63 1 67 54 64 1 85 88 66 1 66 87 73 1 100 56 95 1 78 90 77 1 80 79 67 1 77 33 55 1 57 31 59 1 71 49 49 1 58 48 69 1 83 52 71 1 95 67 57 1 62 81 67 1 91 73 75 1 103 66 73 1
59 49 62 1 60 57 52 1 47 73 56 1 0 0 0 0 82 68 78 1 74 59 72 1 116 99 81 1 0 0 0 0 99 98 115 1 110 98 106 1 109 92 118 1 91 101 103 1 72 83 107 1 88 90 91 1 104 111 119 1 105 99 110 1 45 80 68 1 59 96 71 1 83 76 108 1 114 133 113 1 103 93 67 1 106 117 91 1 95 102 117 1 140 138 118 1 173 174 176 1 0 0 0 0 132 164 181 1 183 158 174 1 148 160 159 1 138 169 152 1 174 163 169 1 164 172 181 1 145 170 187 1 189 212 217 1 197 170 233 1 190 200 229 1 178 200 226 1 0 0 0 0 147 174 187 1 172 188 177 1 156 186 208 1 170 199 223 1 174 207 224 1 170 170 204 1 150 200 178 1 131 137 172 1 122 142 167 1 101 118 104 1 85 81 92 1 52 39 84 1 61 49 91 1 62 68 90 1 77 54 63 1 92 58 82 1 50 38 60 1 30 25 60 1 55 36 40 1 64 44 55 1 124 85 78 1 124 112 84 1 123 123 105 1 158 124 120 1 0 0 0 0 61 58 48 1
32 58 66 1 0 0 0 0 56 58 66 1 0 0 0 0 79 83 73 1 96 93 94 1 118 93 134 1 119 133 97 1 124 143 136 1 151 151 163 1 152 140 170 1 170 128 163 1 130 125 110 1 128 138 99 1 0 0 0 0 134 146 154 1 107 113 124 1 110 102 104 1 85 114 120 1 111 111 140 1 118 133 131 1 114 101 131 1 129 102 118 1 157 167 159 1 189 194 182 1 221 195 203 1 195 201 228 1 215 198 238 1 191 229 188 1 218 233 211 1 213 229 243 1 199 212 216 1 189 208 212 1 210 192 231 1 207 204 243 1 218 236 255 1 196 213 233 1 179 195 201 1 155 159 223 1 151 172 193 1 174 184 221 1 160 208 219 1 188 205 229 1 199 187 244 1 196 195 210 1 165 207 198 1 159 190 197 1 141 157 194 1 126 144 156 1 102 149 169 1 97 116 126 1 110 120 136 1 113 99 119 1 97 97 113 1 52 49 72 1 57 29 34 1 73 50 51 1 62 69 64 1 107 78 77 1 0 0 0 0 108 97 112 1 146 110 117 1 0 0 0 0 110 76 37 1
42 57 73 1 36 48 42 1 50 98 49 1 81 102 95 1 133 113 139 1 124 113 140 1 111 118 140 1 84 102 119 1 155 144 164 1 150 192 198 1 189 177 189 1 225 176 213 1 120 139 135 1 114 95 113 1 86 104 138 1 126 124 131 1 89 113 115 1 87 93 101 1 76 117 127 1 128 106 110 1 114 166 155 1 137 159 164 1 123 161 148 1 116 159 169 1 131 168 206 1 155 178 175 1 138 194 199 1 0 0 0 0 179 178 199 1 153 207 193 1 150 183 206 1 131 186 202 1 137 186 207 1 146 191 200 1 143 165 215 1 134 177 206 1 120 171 201 1 112 175 181 1 131 165 201 1 109 151 177 1 118 134 195 1 124 152 209 1 112 172 204 1 110 166 221 1 143 167 215 1 117 143 197 1 112 176 216 1 132 168 192 1 131 174 202 1 151 167 208 1 116 153 162 1 138 145 169 1 135 143 170 1 135 153 186 1 81 103 63 1 90 46 55 1 70 14 43 1 38 29 42 1 83 77 54 1 94 91 93 1 0 0 0 0 110 89 78 1 128 73 68 1 127 77 62 1
49 40 61 1 36 62 82 1 0 0 0 0 48 42 65 1 99 57 107 1 101 108 98 1 130 117 109 1 90 99 124 1 149 116 126 1 156 138 153 1 156 154 157 1 146 168 170 1 118 125 124 1 86 93 104 1 87 82 93 1 72 78 76 1 100 102 113 1 78 75 115 1 80 114 104 1 85 132 125 1 111 153 180 1 118 134 139 1 135 159 141 1 107 146 159 1 140 167 154 1 135 155 191 1 147 157 186 1 122 178 191 1 112 195 196 1 131 164 177 1 130 159 194 1 147 179 224 1 137 197 181 1 129 174 201 1 118 194 198 1 155 192 223 1 136 164 237 1 136 179 216 1 140 170 213 1 119 186 218 1 129 176 202 1 121 180 217 1 137 175 202 1 132 207 201 1 147 202 230 1 145 187 227 1 139 170 212 1 128 163 234 1 134 203 201 1 135 162 188 1 146 143 174 1 145 156 185 1 124 116 157 1 144 128 151 1 113 117 109 1 91 60 83 1 77 71 78 1 51 49 59 1 97 77 116 1 113 91 86 1 98 41 86 1 110 93 98 1 131 93 69 1 111 69 58 1
136 125 136 1 106 111 116 1 53 31 56 1 49 49 42 1 42 56 56 1 0 0 0 0 79 78 64 1 101 88 90 1 62 71 107 1 119 95 104 1 0 0 0 0 123 128 138 1 146 122 149 1 117 116 114 1 113 103 104 1 80 92 81 1 71 91 119 1 94 117 152 1 114 129 148 1 76 135 146 1 116 159 152 1 142 147 155 1 127 157 158 1 131 148 146 1 136 157 177 1 135 150 174 1 120 153 179 1 132 156 188 1 137 141 171 1 125 161 186 1 136 185 189 1 132 164 170 1 149 172 182 1 128 147 207 1 124 153 206 1 0 0 0 0 143 174 204 1 132 146 198 1 135 157 220 1 139 169 223 1 128 174 203 1 138 175 209 1 132 173 207 1 126 166 206 1 136 175 226 1 148 174 203 1 99 181 203 1 134 141 185 1 74 115 158 1 81 131 140 1 102 135 154 1 121 156 169 1 0 0 0 0 104 95 146 1 97 76 81 1 82 83 85 1 85 82 64 1 77 68 83 1 109 108 108 1 117 122 101 1 98 99 76 1 107 77 70 1 115 50 57 1 84 45 19 1
145 162 151 1 134 124 128 1 98 94 115 1 93 68 78 1 57 42 68 1 69 43 70 1 73 65 65 1 85 93 80 1 87 79 91 1 72 82 82 1 74 77 94 1 0 0 0 0 111 153 152 1 143 146 153 1 155 137 149 1 157 160 167 1 135 133 185 1 148 133 152 1 124 168 204 1 133 137 177 1 120 189 193 1 119 141 208 1 147 141 199 1 123 186 187 1 140 174 210 1 142 155 195 1 128 149 199 1 122 153 210 1 152 185 173 1 125 154 194 1 120 166 213 1 130 146 214 1 118 149 204 1 121 135 201 1 119 160 192 1 115 173 183 1 135 159 202 1 116 155 182 1 123 154 210 1 130 162 208 1 135 159 208 1 114 142 192 1 106 116 197 1 106 152 180 1 98 120 184 1 80 131 181 1 94 111 155 1 63 114 169 1 66 77 95 1 44 89 145 1 54 95 120 1 0 0 0 0 90 112 112 1 81 86 111 1 64 79 68 1 0 0 0 0 75 64 72 1 94 45 79 1 112 91 99 1 123 112 119 1 129 97 85 1 91 70 64 1 77 61 26 1 89 63 27 1
149 140 141 1 107 109 146 1 130 103 105 1 107 89 76 1 77 82 104 1 116 75 95 1 75 61 77 1 81 42 89 1 76 44 69 1 31 53 81 1 53 64 92 1 59 32 48 1 123 115 121 1 125 123 161 1 155 165 166 1 159 163 180 1 141 140 171 1 135 160 179 1 122 166 171 1 157 157 183 1 127 139 199 1 122 151 164 1 0 0 0 0 115 146 176 1 122 160 177 1 93 137 179 1 90 128 157 1 94 150 162 1 98 116 156 1 80 138 177 1 108 117 164 1 100 152 185 1 113 123 177 1 85 129 162 1 81 139 185 1 123 136 165 1 92 134 180 1 90 141 155 1 101 112 147 1 80 110 179 1 84 122 150 1 99 101 170 1 103 146 180 1 107 143 179 1 96 105 152 1 94 123 141 1 81 109 184 1 82 120 163 1 71 106 148 1 59 93 117 1 57 56 99 1 47 60 102 1 64 77 110 1 85 64 95 1 63 49 77 1 0 0 0 0 89 88 95 1 100 82 90 1 0 0 0 0 124 89 96 1 112 69 71 1 109 66 82 1 107 75 31 1 73 48 49 1
116 122 120 1 127 123 115 1 108 89 125 1 96 91 138 1 115 98 116 1 110 83 111 1 77 69 99 1 68 93 73 1 57 68 76 1 46 40 47 1 60 39 74 1 96 45 69 1 108 84 124 1 127 110 143 1 140 121 154 1 132 131 162 1 126 152 163 1 142 152 175 1 121 152 180 1 125 124 157 1 103 130 161 1 130 148 198 1 129 139 176 1 109 143 175 1 110 163 179 1 114 136 150 1 88 119 169 1 80 115 167 1 81 81 177 1 96 96 158 1 0 0 0 0 91 138 174 1 91 110 162 1 53 84 165 1 94 81 149 1 67 120 118 1 118 152 178 1 86 120 168 1 78 116 173 1 92 112 170 1 83 120 163 1 92 145 181 1 101 129 180 1 104 133 149 1 86 117 165 1 65 96 150 1 70 109 142 1 81 115 161 1 68 78 139 1 27 69 108 1 0 0 0 0 76 42 82 1 93 94 101 1 84 81 119 1 0 0 0 0 80 83 87 1 78 91 84 1 90 61 75 1 85 83 104 1 107 81 114 1 129 66 92 1 110 79 101 1 126 53 77 1 82 50 43 1
107 124 134 1 107 114 108 1 100 111 114 1 108 128 130 1 106 132 117 1 100 133 126 1 124 129 131 1 96 120 99 1 59 82 94 1 62 90 103 1 52 55 88 1 74 52 52 1 44 61 103 1 80 74 84 1 72 104 99 1 76 126 112 1 96 101 135 1 118 121 137 1 0 0 0 0 113 125 140 1 96 133 166 1 104 125 162 1 88 108 134 1 91 121 137 1 0 0 0 0 53 137 132 1 93 98 135 1 58 116 129 1 0 0 0 0 51 72 145 1 100 94 153 1 94 131 155 1 106 111 138 1 88 111 151 1 83 72 98 1 51 54 101 1 58 56 81 1 101 92 116 1 85 88 99 1 96 78 123 1 75 81 101 1 63 75 121 1 84 80 119 1 109 86 133 1 68 50 87 1 35 77 106 1 33 68 110 1 63 70 108 1 56 36 109 1 30 35 86 1 90 30 98 1 49 79 103 1 84 93 88 1 124 64 97 1 72 56 67 1 74 60 60 1 111 70 79 1 108 74 96 1 126 83 103 1 138 113 120 1 111 74 81 1 126 62 75 1 81 47 41 1 83 69 77 1
113 96 134 1 103 107 132 1 0 0 0 0 112 117 124 1 0 0 0 0 121 106 119 1 103 120 120 1 117 142 135 1 101 97 110 1 115 115 119 1 100 53 110 1 54 74 85 1 38 34 59 1 36 36 55 1 44 39 73 1 37 59 62 1 91 77 105 1 78 97 97 1 70 119 127 1 66 83 140 1 79 99 119 1 77 114 146 1 82 95 139 1 0 0 0 0 55 82 134 1 55 84 121 1 66 85 124 1 98 52 111 1 48 97 145 1 58 87 132 1 58 90 143 1 84 113 167 1 88 96 127 1 87 94 87 1 40 66 97 1 52 41 74 1 13 21 63 1 60 51 81 1 66 94 99 1 82 94 120 1 59 55 90 1 0 0 0 0 63 92 112 1 74 69 98 1 44 32 72 1 19 19 53 1 11 38 56 1 14 33 45 1 29 61 77 1 33 53 77 1 60 65 97 1 116 70 125 1 109 74 92 1 102 67 85 1 74 68 76 1 63 51 87 1 93 75 74 1 106 85 81 1 147 117 116 1 144 125 114 1 127 77 115 1 126 65 81 1 0 0 0 0 87 76 46 1
73 47 85 1 71 69 67 1 0 0 0 0 49 37 69 1 79 62 75 1 47 54 71 1 46 63 75 1 24 35 64 1 0 0 0 0 0 0 0 0 55 49 84 1 0 0 0 0 22 58 68 1 32 57 89 1 40 51 68 1 48 36 61 1 0 0 0 0 32 56 76 1 24 45 70 1 33 44 83 1 68 33 68 1 53 11 77 1 32 34 89 1 28 43 91 1 35 42 84 1 60 51 37 1 55 55 60 1 66 72 71 1 71 66 90 1 43 53 97 1 58 74 56 1 68 61 84 1 55 72 52 1 69 101 69 1 0 0 0 0 90 93 83 1 67 50 55 1 0 0 0 0 101 104 103 1 122 97 114 1 122 78 99 1 118 69 75 1 97 44 70 1 85 56 71 1 68 49 63 1 67 45 66 1 69 47 64 1 77 19 75 1 86 44 71 1 74 65 69 1 102 40 54 1 83 61 33 1 41 34 35 1 56 15 69 1 59 22 27 1 71 50 51 1 78 41 62 1 81 46 65 1 143 101 77 1 137 67 85 1 102 57 90 1 91 68 69 1 83 52 92 1 92 75 87 1
26 40 77 1 62 43 51 1 57 30 32 1 51 24 53 1 13 35 26 1 43 23 25 1 26 33 25 1 23 29 18 1 53 12 79 1 17 54 41 1 39 71 53 1 27 58 66 1 56 41 84 1 45 60 73 1 60 53 77 1 44 55 65 1 65 41 68 1 53 63 61 1 19 35 71 1 33 42 64 1 38 50 36 1 18 53 61 1 28 70 80 1 39 53 80 1 32 43 65 1 0 0 0 0 57 77 68 1 77 80 85 1 47 60 89 1 50 67 79 1 60 66 83 1 55 87 68 1 0 0 0 0 0 0 0 0 119 90 110 1 102 68 110 1 0 0 0 0 89 75 109 1 121 76 88 1 112 92 131 1 106 84 115 1 104 98 71 1 108 92 106 1 78 58 111 1 58 40 70 1 55 61 57 1 0 0 0 0 64 66 59 1 73 63 97 1 96 83 77 1 62 84 76 1 66 63 76 1 59 64 60 1 36 40 73 1 16 17 44 1 54 44 32 1 85 20 57 1 81 37 65 1 120 94 91 1 123 107 113 1 109 98 57 1 107 64 80 1 99 76 65 1 121 71 111 1
48 23 68 1 27 41 59 1 0 0 0 0 51 53 40 1 15 31 61 1 30 35 52 1 42 31 50 1 25 25 47 1 21 38 42 1 48 63 59 1 33 25 64 1 41 68 50 1 30 52 71 1 28 68 70 1 47 60 86 1 45 60 64 1 51 34 88 1 28 79 69 1 38 39 68 1 60 63 81 1 0 0 0 0 17 46 74 1 19 55 70 1 0 0 0 0 38 75 81 1 32 42 86 1 58 41 76 1 60 51 74 1 64 49 73 1 40 46 60 1 67 50 90 1 81 59 75 1 90 51 76 1 53 54 67 1 0 0 0 0 102 78 100 1 81 69 104 1 85 75 86 1 124 82 115 1 105 101 144 1 150 98 123 1 132 104 111 1 119 81 100 1 113 87 100 1 82 77 62 1 68 43 64 1 84 71 77 1 77 47 103 1 66 80 73 1 97 78 108 1 69 70 85 1 97 97 98 1 65 53 54 1 80 42 63 1 56 51 36 1 34 36 33 1 67 15 43 1 0 0 0 0 137 129 98 1 0 0 0 0 100 95 103 1 98 74 89 1 107 67 80 1 94 63 91 1
56 30 65 1 52 29 43 1 48 47 42 1 57 53 51 1 37 30 37 1 26 48 36 1 36 33 37 1 16 45 42 1 39 54 48 1 48 70 66 1 31 54 65 1 31 50 77 1 17 37 51 1 56 53 33 1 59 58 63 1 49 65 83 1 24 55 35 1 58 65 67 1 31 32 34 1 46 57 66 1 65 56 40 1 63 46 46 1 32 46 51 1 68 49 74 1 63 84 70 1 49 56 50 1 68 46 45 1 48 37 46 1 71 70 38 1 84 69 28 1 0 0 0 0 101 70 59 1 80 95 77 1 88 45 28 1 87 68 43 1 78 56 62 1 130 69 72 1 0 0 0 0 122 86 103 1 133 112 101 1 134 118 120 1 144 121 121 1 0 0 0 0 126 84 113 1 82 64 46 1 90 52 60 1 94 84 49 1 111 66 92 1 110 70 64 1 119 81 87 1 84 81 73 1 98 79 80 1 100 63 55 1 0 0 0 0 59 35 18 1 56 19 29 1 91 39 20 1 96 74 42 1 0 0 0 0 127 126 94 1 148 108 115 1 117 87 67 1 148 70 88 1 100 86 85 1
137 128 127 1 86 88 96 1 67 42 56 1 50 83 36 1 40 68 54 1 31 69 87 1 49 71 58 1 89 67 53 1 67 90 77 1 49 82 70 1 62 84 82 1 60 75 46 1 45 83 61 1 79 60 73 1 61 55 62 1 81 82 62 1 60 69 67 1 48 64 66 1 67 62 48 1 67 57 78 1 0 0 0 0 56 65 89 1 96 71 100 1 59 108 111 1 84 85 89 1 99 91 124 1 97 66 79 1 79 77 81 1 76 84 68 1 91 66 75 1 81 64 76 1 95 71 73 1 0 0 0 0 109 87 86 1 95 65 61 1 84 65 65 1 69 33 56 1 58 28 30 1 76 56 53 1 94 71 56 1 38 58 63 1 84 59 52 1 75 45 68 1 95 63 46 1 49 42 54 1 59 57 47 1 84 61 49 1 60 59 31 1 91 81 79 1 90 94 83 1 121 54 76 1 97 52 81 1 106 72 84 1 107 109 51 1 126 113 114 1 167 113 100 1 128 114 89 1 131 105 92 1 112 76 75 1 86 99 71 1 87 86 59 1 65 34 43 1 68 34 46 1 77 36 44 1
102 96 122 1 89 72 104 1 48 45 36 1 61 65 74 1 0 0 0 0 69 62 60 1 62 58 67 1 71 52 83 1 96 85 77 1 82 75 77 1 0 0 0 0 73 72 88 1 0 0 0 0 69 79 62 1 70 51 57 1 61 60 60 1 83 94 85 1 100 54 64 1 100 68 64 1 93 100 87 1 82 77 70 1 94 75 67 1 88 95 76 1 95 82 88 1 105 97 104 1 108 101 84 1 0 0 0 0 123 110 84 1 98 103 91 1 87 87 87 1 98 88 77 1 104 100 94 1 89 119 108 1 0 0 0 0 104 60 75 1 86 65 67 1 74 50 24 1 66 37 37 1 36 36 44 1 50 52 25 1 58 57 32 1 70 38 25 1 63 49 17 1 0 0 0 0 84 87 33 1 68 68 53 1 83 56 73 1 74 78 72 1 114 91 92 1 88 98 109 1 0 0 0 0 69 76 74 1 94 80 53 1 103 81 99 1 130 115 107 1 123 114 111 1 169 94 99 1 120 94 83 1 0 0 0 0 99 74 71 1 98 70 24 1 83 54 37 1 50 33 41 1 72 41 19 1
88 83 78 1 119 116 138 1 79 77 74 1 58 50 36 1 68 41 60 1 68 61 79 1 84 54 79 1 79 82 46 1 67 57 64 1 75 42 58 1 95 67 81 1 61 38 71 1 70 55 39 1 39 45 50 1 56 62 33 1 37 48 32 1 68 83 81 1 83 92 55 1 90 103 78 1 79 91 60 1 90 81 90 1 75 73 75 1 96 123 100 1 108 78 98 1 0 0 0 0 124 118 89 1 135 129 106 1 140 120 98 1 121 111 118 1 127 142 93 1 148 137 116 1 179 143 146 1 116 109 111 1 0 0 0 0 97 77 99 1 115 87 78 1 133 105 82 1 144 127 101 1 133 147 131 1 132 120 108 1 95 79 66 1 112 84 80 1 84 114 57 1 99 81 47 1 121 97 96 1 0 0 0 0 95 56 45 1 104 71 61 1 112 80 91 1 114 90 81 1 115 80 73 1 109 92 101 1 132 89 90 1 100 84 79 1 134 117 82 1 129 100 82 1 123 94 86 1 133 105 72 1 91 81 83 1 142 72 54 1 92 54 29 1 76 40 30 1 91 60 53 1 111 95 33 1
46 67 97 1 90 100 134 1 88 93 42 1 0 0 0 0 67 57 66 1 51 64 65 1 51 66 55 1 71 55 66 1 62 67 69 1 0 0 0 0 34 63 65 1 60 66 51 1 71 69 57 1 75 46 53 1 31 48 36 1 42 26 67 1 113 77 96 1 110 86 86 1 110 89 96 1 109 77 100 1 91 89 90 1 0 0 0 0 144 124 111 1 0 0 0 0 130 111 108 1 125 107 122 1 149 108 111 1 0 0 0 0 122 106 116 1 142 116 88 1 166 146 124 1 149 161 149 1 115 114 92 1 100 70 120 1 92 83 53 1 64 84 87 1 105 113 91 1 119 133 106 1 171 124 119 1 142 142 130 1 112 102 92 1 0 0 0 0 127 104 69 1 0 0 0 0 110 81 93 1 117 92 90 1 99 80 65 1 90 59 59 1 86 97 78 1 90 71 88 1 76 77 82 1 137 99 101 1 121 104 116 1 120 83 93 1 119 104 83 1 121 103 75 1 0 0 0 0 136 81 85 1 125 104 62 1 112 58 85 1 108 58 43 1 80 66 45 1 98 62 53 1 116 92 67 1
55 47 33 1 91 97 106 1 76 83 100 1 87 66 91 1 90 76 82 1 71 86 66 1 0 0 0 0 85 59 53 1 71 60 73 1 106 75 92 1 82 61 81 1 97 86 59 1 82 56 55 1 62 78 77 1 66 65 24 1 0 0 0 0 128 125 125 1 133 148 129 1 184 154 151 1 156 131 134 1 143 117 120 1 141 116 102 1 0 0 0 0 122 101 98 1 109 95 90 1 107 110 107 1 124 108 87 1 138 92 88 1 115 94 109 1 132 91 84 1 128 119 104 1 110 100 109 1 127 110 96 1 115 105 111 1 86 87 78 1 53 59 65 1 83 59 38 1 87 68 62 1 116 105 77 1 95 107 85 1 0 0 0 0 89 56 53 1 87 81 62 1 109 87 71 1 91 105 112 1 152 95 93 1 117 98 98 1 111 83 70 1 118 80 76 1 93 70 88 1 0 0 0 0 139 106 83 1 113 85 70 1 115 83 98 1 123 102 101 1 125 76 81 1 115 84 81 1 129 93 95 1 100 88 91 1 129 65 69 1 0 0 0 0 102 70 80 1 133 80 50 1 133 116 53 1
62 61 53 1 59 50 70 1 0 0 0 0 85 85 70 1 0 0 0 0 92 55 91 1 56 38 86 1 63 56 52 1 76 81 80 1 84 79 64 1 101 95 76 1 86 54 82 1 69 91 78 1 77 68 63 1 73 63 78 1 71 63 59 1 121 112 121 1 0 0 0 0 233 208 221 1 182 191 173 1 153 153 128 1 120 108 123 1 94 74 59 1 86 65 80 1 123 78 75 1 119 130 89 1 106 92 102 1 111 99 91 1 103 94 97 1 118 103 77 1 101 68 57 1 98 94 77 1 127 117 118 1 137 86 68 1 70 91 62 1 83 44 51 1 77 31 41 1 48 44 39 1 63 62 42 1 72 61 44 1 84 89 41 1 87 44 48 1 65 57 58 1 72 45 52 1 119 105 86 1 121 97 75 1 127 86 78 1 131 86 96 1 103 78 63 1 104 48 61 1 107 91 112 1 91 94 86 1 122 68 68 1 110 64 80 1 97 56 78 1 0 0 0 0 0 0 0 0 145 93 99 1 99 78 33 1 91 78 59 1 123 78 60 1 0 0 0 0 124 98 78 1 126 95 97 1
0 0 0 0 87 86 104 1 48 63 79 1 89 88 103 1 135 108 90 1 0 0 0 0 106 93 109 1 111 117 77 1 125 118 134 1 104 119 102 1 113 106 108 1 102 124 136 1 120 127 110 1 147 143 139 1 156 147 124 1 165 124 137 1 153 116 106 1 0 0 0 0 181 162 148 1 154 104 115 1 125 118 94 1 104 102 91 1 0 0 0 0 0 0 0 0 137 96 86 1 149 112 108 1 130 110 102 1 136 99 105 1 116 83 74 1 114 94 84 1 103 77 91 1 116 84 71 1 118 96 100 1 142 100 71 1 102 80 67 1 90 71 50 1 88 73 56 1 64 36 35 1 65 55 28 1 56 52 37 1 106 74 76 1 108 82 45 1 79 68 53 1 99 82 68 1 79 46 35 1 80 28 21 1 90 78 60 1 104 86 73 1 116 84 46 1 85 63 89 1 0 0 0 0 97 60 65 1 0 0 0 0 90 86 58 1 85 91 66 1 143 97 99 1 137 114 88 1 141 115 98 1 97 86 72 1 127 59 66 1 142 113 64 1 131 84 89 1 167 120 134 1 146 107 123 1
90 94 69 1 94 86 69 1 100 92 96 1 95 111 83 1 139 117 109 1 128 104 110 1 112 104 91 1 107 64 112 1 126 120 122 1 143 120 132 1 156 132 121 1 119 112 132 1 132 114 101 1 150 134 137 1 139 121 133 1 133 131 130 1 125 81 100 1 141 131 99 1 135 129 108 1 144 104 97 1 0 0 0 0 125 89 72 1 120 78 88 1 125 87 83 1 132 72 89 1 127 98 121 1 140 103 87 1 89 89 85 1 113 97 85 1 116 63 101 1 111 81 80 1 116 81 57 1 134 94 94 1 107 94 73 1 101 87 92 1 82 38 33 1 74 35 41 1 80 73 43 1 101 75 42 1 99 62 60 1 116 77 106 1 90 67 90 1 112 97 54 1 89 75 33 1 61 50 51 1 63 27 23 1 72 37 38 1 83 74 72 1 103 56 61 1 90 85 48 1 86 64 51 1 104 77 52 1 79 61 57 1 107 42 74 1 120 96 86 1 136 107 110 1 127 93 102 1 167 98 101 1 98 78 54 1 96 41 60 1 0 0 0 0 108 88 85 1 157 104 100 1 130 97 98 1
83 77 73 1 99 74 75 1 85 108 60 1 75 102 103 1 109 76 102 1 109 103 78 1 109 84 78 1 96 94 85 1 79 90 65 1 91 102 109 1 126 113 87 1 102 81 93 1 0 0 0 0 104 103 127 1 0 0 0 0 120 82 104 1 113 99 96 1 91 88 79 1 109 75 62 1 93 88 85 1 0 0 0 0 91 55 41 1 0 0 0 0 100 64 72 1 103 85 100 1 123 96 109 1 0 0 0 0 96 94 74 1 122 64 63 1 90 62 61 1 95 104 68 1 0 0 0 0 0 0 0 0 106 65 49 1 114 83 62 1 79 36 9 1 0 0 0 0 85 68 37 1 0 0 0 0 90 79 46 1 84 77 48 1 104 50 56 1 113 63 51 1 72 48 69 1 89 74 56 1 72 28 33 1 94 40 35 1 79 78 59 1 107 78 72 1 105 85 80 1 106 38 64 1 129 76 59 1 125 68 78 1 0 0 0 0 122 80 70 1 124 57 102 1 0 0 0 0 123 62 98 1 120 78 100 1 105 96 72 1 0 0 0 0 96 93 99 1 113 107 103 1 141 90 82 1
0 0 0 0 66 34 52 1 67 49 74 1 70 61 66 1 103 83 57 1 100 68 77 1 70 53 70 1 85 50 49 1 76 54 61 1 36 27 47 1 65 36 58 1 57 47 18 1 90 81 65 1 99 98 57 1 61 85 60 1 93 62 66 1 119 73 85 1 113 98 93 1 122 91 80 1 114 73 80 1 92 65 76 1 81 61 56 1 70 64 47 1 102 52 44 1 95 80 65 1 112 65 64 1 115 74 63 1 112 72 87 1 125 79 73 1 0 0 0 0 112 62 74 1 107 100 61 1 79 45 40 1 51 41 47 1 59 27 14 1 52 35 32 1 40 0 4 1 63 21 16 1 0 0 0 0 88 57 25 1 68 56 26 1 77 57 24 1 0 0 0 0 0 0 0 0 83 97 58 1 109 83 57 1 102 80 80 1 115 66 65 1 113 91 74 1 132 108 81 1 124 93 56 1 109 53 83 1 132 112 76 1 135 82 95 1 99 76 64 1 0 0 0 0 102 99 64 1 133 85 70 1 95 85 74 1 102 90 77 1 129 107 87 1 137 111 86 1 151 106 76 1 107 86 76 1
77 92 79 1 102 63 60 1 76 50 49 1 57 47 42 1 56 80 18 1 72 65 47 1 146 132 119 1 129 105 91 1 114 97 95 1 97 109 87 1 101 88 88 1 0 0 0 0 108 75 89 1 0 0 0 0 116 74 102 1 105 108 77 1 115 108 89 1 131 75 84 1 100 82 67 1 101 79 63 1 127 74 99 1 116 106 95 1 79 92 64 1 74 64 67 1 90 55 56 1 74 50 35 1 0 0 0 0 110 90 77 1 140 96 85 1 126 98 122 1 111 79 78 1 95 81 94 1 106 75 60 1 106 66 78 1 110 85 88 1 109 81 70 1 60 47 36 1 70 41 18 1 26 8 0 1 60 3 4 1 83 53 41 1 77 68 36 1 76 75 10 1 81 67 54 1 162 103 92 1 181 107 89 1 135 98 84 1 125 87 76 1 127 83 63 1 131 82 57 1 126 85 65 1 77 69 41 1 128 85 67 1 132 86 101 1 117 58 49 1 104 82 47 1 135 59 55 1 127 70 81 1 110 96 102 1 133 123 108 1 0 0 0 0 114 77 74 1 0 0 0 0 131 113 124 1
120 82 79 1 73 93 70 1 77 56 67 1 74 66 42 1 79 44 32 1 125 78 67 1 142 140 118 1 136 116 142 1 0 0 0 0 100 95 85 1 102 81 79 1 112 85 79 1 117 96 83 1 129 101 110 1 129 96 97 1 107 115 103 1 120 90 82 1 145 76 89 1 127 97 78 1 123 101 90 1 87 121 100 1 0 0 0 0 90 77 88 1 97 101 78 1 101 46 49 1 92 76 42 1 119 94 86 1 134 119 80 1 126 113 100 1 129 105 94 1 117 79 80 1 99 98 117 1 100 68 50 1 120 72 54 1 117 90 68 1 106 103 73 1 89 82 40 1 0 0 0 0 45 35 9 1 58 26 0 1 108 49 60 1 90 74 97 1 85 57 60 1 88 52 81 1 127 110 93 1 151 126 136 1 128 129 84 1 123 88 113 1 124 88 80 1 124 97 121 1 109 91 91 1 96 83 64 1 111 90 68 1 138 82 105 1 105 79 77 1 98 58 73 1 119 84 108 1 135 107 107 1 135 105 108 1 121 108 104 1 113 79 93 1 89 70 76 1 130 122 111 1 125 117 119 1
83 72 84 1 101 59 68 1 97 66 54 1 74 58 81 1 69 57 72 1 48 53 59 1 115 93 59 1 150 110 105 1 110 81 95 1 0 0 0 0 110 77 86 1 92 96 87 1 114 126 101 1 129 104 100 1 122 108 75 1 95 74 117 1 105 99 90 1 106 107 86 1 120 78 101 1 127 99 92 1 121 87 86 1 119 98 78 1 113 97 109 1 107 94 107 1 100 66 77 1 93 76 84 1 110 114 93 1 113 79 108 1 126 111 120 1 143 103 110 1 138 139 99 1 116 92 75 1 109 84 86 1 60 68 71 1 119 108 82 1 119 98 74 1 117 72 81 1 83 61 62 1 65 58 44 1 77 51 35 1 129 86 91 1 138 102 79 1 135 70 81 1 95 74 66 1 118 116 75 1 119 113 122 1 155 126 130 1 120 97 61 1 145 148 115 1 175 155 136 1 154 116 99 1 147 91 109 1 105 69 73 1 115 74 60 1 130 150 107 1 153 132 131 1 157 99 137 1 153 145 148 1 156 148 144 1 161 147 125 1 148 127 125 1 138 104 129 1 106 93 94 1 102 107 120 1
88 61 48 1 110 63 82 1 0 0 0 0 91 81 75 1 88 69 69 1 85 68 81 1 83 87 74 1 86 75 61 1 0 0 0 0 103 82 76 1 88 74 81 1 124 83 74 1 133 129 77 1 146 107 101 1 106 97 97 1 128 98 103 1 116 91 101 1 108 137 109 1 135 125 136 1 120 123 100 1 107 103 105 1 102 94 86 1 136 104 96 1 119 74 86 1 121 79 95 1 130 78 70 1 130 124 85 1 121 80 100 1 132 91 80 1 140 105 117 1 153 110 111 1 161 116 125 1 126 103 84 1 0 0 0 0 103 82 63 1 111 78 69 1 118 96 92 1 101 86 83 1 103 91 42 1 104 107 66 1 174 128 133 1 172 142 125 1 0 0 0 0 112 112 122 1 0 0 0 0 117 123 101 1 125 84 112 1 155 108 94 1 180 144 128 1 184 162 146 1 183 145 164 1 162 149 110 1 108 105 80 1 93 71 79 1 0 0 0 0 190 152 157 1 171 172 161 1 180 175 170 1 190 135 179 1 0 0 0 0 196 156 176 1 160 166 151 1 103 100 109 1 104 97 95 1
92 58 71 1 73 84 65 1 106 79 92 1 117 79 101 1 83 67 61 1 92 68 95 1 98 87 50 1 38 70 50 1 0 0 0 0 49 35 47 1 70 40 33 1 52 36 41 1 119 87 96 1 117 105 106 1 133 101 103 1 124 106 100 1 121 97 75 1 118 90 95 1 158 107 85 1 149 114 115 1 125 115 87 1 119 101 89 1 120 108 91 1 143 98 81 1 0 0 0 0 132 110 102 1 166 93 93 1 120 70 83 1 98 66 84 1 105 61 79 1 107 87 93 1 109 68 113 1 114 107 69 1 128 101 87 1 119 99 77 1 117 74 100 1 136 94 130 1 114 101 106 1 111 116 94 1 102 97 116 1 183 198 175 1 176 178 170 1 196 178 178 1 207 181 171 1 141 131 132 1 144 148 127 1 127 122 147 1 126 137 129 1 142 167 174 1 166 198 174 1 157 167 144 1 174 169 181 1 126 116 149 1 102 92 132 1 134 126 130 1 164 165 172 1 153 153 168 1 181 176 174 1 159 191 193 1 178 171 176 1 183 178 191 1 159 175 162 1 140 136 129 1 99 106 97 1
96 82 78 1 89 67 81 1 105 80 80 1 0 0 0 0 104 78 91 1 117 108 92 1 114 87 59 1 90 56 54 1 62 38 30 1 51 33 30 1 0 0 0 0 47 27 19 1 64 44 50 1 0 0 0 0 121 103 89 1 127 102 103 1 0 0 0 0 139 90 82 1 124 83 97 1 136 110 96 1 111 119 114 1 121 109 78 1 127 89 84 1 134 105 102 1 127 101 89 1 0 0 0 0 124 114 86 1 93 67 72 1 84 69 47 1 60 79 37 1 84 66 48 1 101 75 55 1 107 93 74 1 128 62 59 1 136 104 113 1 132 129 104 1 155 132 119 1 128 95 100 1 97 110 118 1 140 104 88 1 192 157 173 1 186 154 165 1 172 156 176 1 217 187 200 1 0 0 0 0 128 167 163 1 166 137 140 1 114 139 134 1 127 168 156 1 145 138 157 1 130 148 131 1 0 0 0 0 157 130 129 1 132 105 138 1 118 121 110 1 140 129 149 1 0 0 0 0 166 136 150 1 177 159 182 1 155 164 182 1 155 172 170 1 199 143 194 1 152 136 133 1 112 127 123 1
106 83 104 1 89 74 87 1 156 87 117 1 100 111 104 1 121 92 76 1 115 87 101 1 125 99 98 1 104 87 67 1 72 51 27 1 53 41 46 1 41 0 5 1 37 24 41 1 54 59 34 1 86 67 61 1 88 83 79 1 113 98 102 1 119 106 108 1 0 0 0 0 120 93 84 1 138 115 68 1 0 0 0 0 157 128 127 1 141 122 101 1 139 123 120 1 147 116 121 1 134 98 118 1 163 129 104 1 126 85 84 1 124 93 70 1 88 98 53 1 126 69 93 1 101 77 85 1 114 94 86 1 146 105 107 1 0 0 0 0 147 116 116 1 153 127 133 1 0 0 0 0 131 88 91 1 113 113 97 1 146 145 153 1 0 0 0 0 183 154 162 1 177 171 171 1 158 180 166 1 0 0 0 0 136 134 168 1 149 159 130 1 0 0 0 0 120 131 127 1 97 115 108 1 128 142 137 1 157 151 166 1 133 132 150 1 108 122 99 1 128 121 128 1 136 120 129 1 154 145 157 1 148 161 165 1 172 148 160 1 116 151 141 1 150 147 144 1 136 140 144 1 86 94 112 1
0 0 0 0 94 82 78 1 134 136 117 1 124 113 140 1 133 91 93 1 122 101 116 1 0 0 0 0 124 93 97 1 86 40 59 1 48 67 58 1 62 57 56 1 37 10 13 1 51 30 21 1 76 32 38 1 78 67 52 1 111 77 67 1 124 105 105 1 112 107 97 1 106 102 101 1 118 94 91 1 148 125 130 1 160 137 117 1 154 134 136 1 154 139 118 1 191 131 155 1 131 136 127 1 151 164 157 1 148 107 111 1 120 93 123 1 0 0 0 0 118 73 88 1 129 97 77 1 123 105 52 1 122 108 107 1 123 113 123 1 159 123 147 1 178 127 142 1 135 112 133 1 139 104 100 1 129 69 104 1 117 109 143 1 146 111 125 1 156 141 143 1 142 151 153 1 149 152 186 1 135 149 141 1 147 132 157 1 160 121 168 1 111 126 161 1 107 119 139 1 93 118 103 1 113 105 103 1 130 131 133 1 150 138 177 1 149 142 156 1 128 103 107 1 120 112 111 1 97 110 108 1 144 165 130 1 131 147 161 1 131 109 139 1 110 105 101 1 125 102 92 1 103 91 121 1
83 75 103 1 90 79 71 1 0 0 0 0 78 60 51 1 81 54 55 1 87 83 78 1 110 81 86 1 93 75 81 1 103 91 67 1 112 117 90 1 92 104 81 1 135 90 104 1 95 86 82 1 92 71 74 1 105 116 80 1 112 92 90 1 109 84 51 1 79 52 52 1 93 76 48 1 0 0 0 0 68 66 56 1 0 0 0 0 82 41 43 1 0 0 0 0 107 79 58 1 78 63 61 1 86 61 55 1 78 93 79 1 58 62 74 1 109 82 74 1 121 85 93 1 130 89 103 1 106 101 115 1 115 101 92 1 114 78 114 1 142 102 135 1 145 110 128 1 113 88 101 1 111 67 78 1 92 66 64 1 132 75 83 1 0 0 0 0 105 101 80 1 113 62 120 1 104 70 81 1 0 0 0 0 0 0 0 0 88 95 131 1 100 78 126 1 72 96 94 1 83 76 111 1 129 101 120 1 117 96 117 1 118 135 132 1 153 134 128 1 143 129 149 1 129 112 114 1 89 101 128 1 127 124 132 1 113 96 130 1 106 121 110 1 79 71 94 1 134 122 126 1 163 116 123 1
81 77 88 1 82 97 87 1 91 47 46 1 80 34 49 1 92 39 48 1 116 56 67 1 94 72 66 1 104 71 66 1 137 92 91 1 143 108 107 1 118 116 104 1 119 88 95 1 139 84 94 1 113 89 71 1 123 113 102 1 143 109 115 1 119 98 80 1 86 81 68 1 85 42 58 1 62 21 39 1 25 19 19 1 6 0 9 1 35 17 15 1 51 14 15 1 29 20 31 1 47 21 18 1 0 0 0 0 49 40 27 1 45 18 32 1 28 30 32 1 49 33 21 1 0 0 0 0 118 57 98 1 93 56 73 1 107 76 81 1 90 99 68 1 100 100 91 1 86 77 72 1 84 57 44 1 75 44 28 1 107 70 76 1 83 73 78 1 120 125 85 1 134 105 88 1 109 88 107 1 98 80 82 1 124 152 104 1 146 89 116 1 90 85 109 1 116 95 96 1 111 111 94 1 146 110 134 1 0 0 0 0 148 112 100 1 126 121 136 1 0 0 0 0 125 123 138 1 139 112 109 1 168 119 160 1 135 110 140 1 0 0 0 0 91 102 103 1 153 142 133 1 195 171 171 1
103 92 56 1 110 90 89 1 0 0 0 0 86 90 54 1 105 78 63 1 101 88 95 1 61 86 73 1 68 48 65 1 142 100 109 1 133 92 99 1 127 104 93 1 131 106 73 1 121 93 66 1 116 68 74 1 118 82 98 1 137 117 95 1 0 0 0 0 158 114 106 1 155 122 91 1 119 93 57 1 0 0 0 0 69 53 62 1 90 89 75 1 81 54 67 1 90 74 58 1 0 0 0 0 91 83 85 1 0 0 0 0 47 31 58 1 50 32 17 1 10 0 12 1 14 15 0 1 51 26 2 1 38 34 30 1 0 0 0 0 53 32 11 1 70 48 64 1 39 56 23 1 32 27 30 1 41 54 6 1 79 48 75 1 94 65 67 1 0 0 0 0 128 100 76 1 156 104 109 1 111 104 119 1 132 109 100 1 137 128 118 1 0 0 0 0 99 82 92 1 127 85 121 1 137 114 100 1 148 88 131 1 125 122 121 1 119 117 121 1 141 104 109 1 126 123 95 1 105 97 90 1 154 112 97 1 116 108 106 1 124 104 119 1 132 104 119 1 129 125 123 1 139 134 146 1
90 90 127 1 0 0 0 0 123 88 83 1 102 87 93 1 111 59 76 1 131 64 77 1 123 87 81 1 99 68 80 1 134 67 111 1 131 134 127 1 151 101 110 1 139 151 92 1 99 85 91 1 108 102 76 1 113 86 82 1 133 103 116 1 143 94 103 1 138 92 105 1 0 0 0 0 129 95 95 1 135 130 100 1 142 96 88 1 106 76 72 1 65 43 83 1 90 58 69 1 73 81 44 1 113 111 104 1 84 69 70 1 99 64 66 1 0 0 0 0 51 41 25 1 46 17 22 1 60 32 3 1 45 33 43 1 32 20 59 1 46 61 25 1 105 33 38 1 49 47 22 1 0 0 0 0 35 42 25 1 60 43 40 1 81 49 67 1 0 0 0 0 103 78 102 1 120 117 114 1 98 112 99 1 144 97 89 1 0 0 0 0 152 123 134 1 130 130 117 1 0 0 0 0 110 89 110 1 123 118 109 1 136 102 116 1 140 127 132 1 111 123 92 1 120 119 125 1 106 105 95 1 134 99 116 1 115 114 105 1 133 116 124 1 114 88 119 1 104 125 113 1 131 128 125 1
91 49 62 1 108 79 82 1 109 77 81 1 0 0 0 0 120 88 66 1 104 104 75 1 129 84 71 1 127 98 64 1 130 110 81 1 134 142 128 1 144 146 142 1 154 118 125 1 119 120 94 1 93 104 78 1 107 63 39 1 93 87 62 1 0 0 0 0 87 79 108 1 136 84 80 1 104 89 85 1 112 104 93 1 154 144 105 1 128 98 104 1 112 72 91 1 84 62 76 1 64 89 76 1 102 88 104 1 100 101 117 1 121 86 103 1 99 90 102 1 100 88 68 1 90 44 42 1 69 48 32 1 81 22 37 1 0 0 0 0 87 106 73 1 80 79 68 1 102 76 51 1 82 55 48 1 58 57 28 1 60 31 40 1 85 38 73 1 103 103 58 1 107 81 73 1 117 64 65 1 97 70 69 1 134 81 47 1 122 93 123 1 147 136 101 1 152 121 114 1 0 0 0 0 112 74 80 1 135 83 114 1 100 71 102 1 137 112 132 1 123 98 90 1 123 83 90 1 97 76 79 1 95 97 81 1 101 82 100 1 100 106 89 1 122 89 84 1 0 0 0 0 123 107 94 1
67 61 53 1 80 53 63 1 73 94 75 1 106 86 108 1 138 115 96 1 0 0 0 0 119 112 76 1 100 95 81 1 127 84 93 1 137 87 93 1 140 129 117 1 163 128 113 1 110 83 97 1 107 50 47 1 77 66 60 1 50 62 41 1 101 92 71 1 97 79 88 1 105 84 91 1 140 99 84 1 98 102 100 1 142 114 120 1 120 123 93 1 99 90 89 1 94 80 64 1 86 80 84 1 119 78 108 1 125 89 106 1 109 108 85 1 114 123 107 1 107 57 77 1 114 61 90 1 99 104 74 1 119 79 90 1 99 66 88 1 122 106 82 1 108 94 80 1 103 96 67 1 106 64 69 1 91 74 79 1 0 0 0 0 106 74 57 1 109 70 96 1 125 72 59 1 127 65 63 1 73 61 49 1 110 64 67 1 108 90 65 1 151 133 108 1 156 108 102 1 106 78 73 1 159 65 90 1 119 82 90 1 137 109 120 1 115 88 74 1 116 108 125 1 137 110 104 1 117 90 80 1 80 90 68 1 0 0 0 0 62 46 58 1 112 79 91 1 100 93 91 1 97 103 75 1
114 39 43 1 75 42 68 1 99 89 61 1 125 88 77 1 141 98 108 1 133 102 92 1 90 91 83 1 116 87 73 1 117 104 64 1 101 99 96 1 126 136 124 1 133 120 111 1 141 75 77 1 86 75 74 1 85 73 52 1 70 35 72 1 101 81 68 1 107 79 74 1 96 67 96 1 121 81 102 1 101 106 113 1 130 110 98 1 126 86 102 1 0 0 0 0 0 0 0 0 98 85 97 1 0 0 0 0 125 91 112 1 127 87 95 1 114 88 101 1 126 67 97 1 115 64 75 1 131 123 92 1 109 125 107 1 132 119 117 1 121 122 104 1 144 132 100 1 140 127 123 1 146 115 93 1 109 100 107 1 0 0 0 0 135 104 55 1 154 81 101 1 124 81 98 1 77 79 75 1 80 81 44 1 84 62 74 1 99 46 47 1 127 58 71 1 133 68 99 1 99 58 50 1 96 56 57 1 76 84 68 1 78 82 77 1 94 53 88 1 92 76 61 1 107 65 89 1 82 85 66 1 90 53 58 1 90 76 55 1 0 0 0 0 90 77 77 1 131 85 81 1 122 112 117 1
0 0 0 0 97 50 37 1 86 44 61 1 111 64 104 1 109 84 77 1 0 0 0 0 101 97 64 1 96 72 64 1 81 66 78 1 121 80 69 1 117 82 85 1 139 123 94 1 103 123 116 1 123 85 83 1 86 69 61 1 74 55 42 1 80 72 67 1 106 71 87 1 107 82 74 1 121 78 96 1 129 80 116 1 109 101 88 1 130 84 115 1 120 74 66 1 122 88 114 1 0 0 0 0 94 83 82 1 110 90 79 1 103 95 76 1 0 0 0 0 127 84 75 1 120 88 107 1 125 101 91 1 147 109 106 1 139 114 104 1 137 111 134 1 143 99 122 1 126 116 112 1 160 140 108 1 135 112 79 1 0 0 0 0 121 112 101 1 130 88 86 1 133 91 90 1 107 78 45 1 127 60 81 1 110 83 86 1 106 61 90 1 120 67 45 1 111 55 86 1 91 73 39 1 107 70 56 1 102 70 45 1 83 87 77 1 97 58 74 1 98 77 79 1 89 70 85 1 112 73 88 1 0 0 0 0 99 100 94 1 109 95 95 1 87 104 105 1 153 117 117 1 158 120 143 1
102 64 58 1 72 56 67 1 70 56 48 1 66 29 60 1 86 69 87 1 0 0 0 0 56 49 55 1 0 0 0 0 102 53 59 1 101 77 60 1 95 95 68 1 114 103 91 1 0 0 0 0 137 102 80 1 67 91 84 1 104 98 65 1 85 59 39 1 104 55 69 1 92 61 60 1 104 80 102 1 82 75 47 1 102 74 92 1 90 84 87 1 105 82 95 1 103 64 61 1 108 61 73 1 123 89 95 1 116 96 65 1 0 0 0 0 107 88 90 1 104 86 89 1 111 111 116 1 111 98 90 1 117 98 83 1 121 91 95 1 128 104 89 1 100 79 99 1 125 86 80 1 93 67 75 1 107 88 81 1 110 81 51 1 115 65 91 1 105 83 64 1 99 59 67 1 108 61 57 1 0 0 0 0 111 76 85 1 123 77 75 1 89 37 47 1 85 74 72 1 96 58 40 1 87 24 32 1 0 0 0 0 94 57 51 1 117 114 103 1 119 106 107 1 140 83 88 1 0 0 0 0 138 123 122 1 133 125 147 1 122 124 128 1 155 148 134 1 182 144 130 1 154 132 140 1
0 0 0 0 0 0 0 0 75 40 61 1 69 58 45 1 68 36 22 1 65 55 24 1 59 21 35 1 39 36 33 1 76 83 68 1 101 92 39 1 97 85 100 1 120 102 106 1 117 109 102 1 135 143 121 1 0 0 0 0 121 74 98 1 72 55 61 1 72 81 36 1 62 77 81 1 86 70 43 1 105 93 82 1 95 89 82 1 97 109 72 1 0 0 0 0 94 75 60 1 84 47 50 1 61 89 75 1 103 100 103 1 111 114 93 1 122 90 107 1 120 101 110 1 100 116 101 1 90 76 57 1 91 74 81 1 108 58 50 1 100 54 65 1 74 91 65 1 90 60 53 1 75 56 58 1 58 42 45 1 36 63 39 1 73 39 39 1 47 33 35 1 55 29 29 1 95 49 54 1 100 63 81 1 103 59 81 1 97 69 52 1 46 29 30 1 73 10 8 1 86 45 32 1 46 29 41 1 75 48 56 1 66 43 32 1 129 108 107 1 136 145 135 1 166 133 127 1 161 128 135 1 158 169 170 1 185 162 147 1 173 151 140 1 144 123 125 1 117 99 112 1 156 101 86 1
62 46 46 1 58 24 12 1 99 74 79 1 106 67 72 1 100 67 78 1 111 75 63 1 62 61 54 1 60 53 52 1 52 51 54 1 64 64 66 1 111 74 70 1 110 81 103 1 139 97 104 1 0 0 0 0 106 97 77 1 82 75 59 1 87 64 72 1 83 86 85 1 122 88 101 1 147 133 130 1 153 126 132 1 133 122 124 1 148 135 127 1 133 148 141 1 168 126 132 1 147 165 130 1 0 0 0 0 172 134 130 1 135 136 112 1 153 150 151 1 169 135 152 1 177 194 138 1 145 124 131 1 131 115 113 1 92 100 78 1 84 106 77 1 89 91 73 1 66 77 56 1 48 44 15 1 56 47 42 1 44 26 1 1 72 56 14 1 74 39 64 1 83 62 55 1 88 82 77 1 76 85 42 1 56 40 42 1 78 44 43 1 101 72 51 1 110 80 73 1 73 63 72 1 112 90 64 1 91 87 76 1 96 79 61 1 75 61 55 1 70 43 39 1 87 38 71 1 106 62 44 1 0 0 0 0 86 54 61 1 90 25 49 1 66 80 66 1 0 0 0 0 54 39 12 1
0 0 0 0 52 44 37 1 61 83 76 1 106 109 92 1 122 100 99 1 121 110 103 1 102 78 66 1 97 62 67 1 66 79 63 1 86 30 47 1 95 75 74 1 97 87 86 1 158 123 126 1 0 0 0 0 126 110 124 1 116 111 94 1 95 66 49 1 85 70 66 1 104 114 110 1 138 144 124 1 154 98 127 1 128 132 130 1 145 120 72 1 0 0 0 0 154 113 120 1 189 138 149 1 165 134 164 1 166 132 144 1 144 135 142 1 161 155 153 1 0 0 0 0 175 185 155 1 137 119 131 1 152 123 121 1 119 111 88 1 100 68 85 1 97 103 123 1 93 86 105 1 106 79 74 1 73 73 65 1 56 22 50 1 0 0 0 0 64 53 69 1 81 96 57 1 117 77 93 1 60 75 49 1 90 43 59 1 75 66 76 1 73 74 88 1 94 83 89 1 78 48 52 1 97 86 85 1 106 112 98 1 126 85 113 1 59 35 39 1 85 35 48 1 82 59 66 1 77 82 53 1 61 50 48 1 38 56 33 1 67 49 45 1 70 24 54 1 53 29 9 1 24 0 19 1
101 62 84 1 99 61 75 1 97 81 73 1 131 111 86 1 132 117 94 1 116 90 100 1 110 74 117 1 83 63 83 1 0 0 0 0 79 54 76 1 94 71 65 1 119 120 106 1 182 163 169 1 165 156 141 1 183 154 160 1 170 118 138 1 93 102 79 1 99 78 69 1 127 81 77 1 124 104 92 1 130 130 127 1 109 100 87 1 113 73 74 1 0 0 0 0 144 103 108 1 135 110 126 1 155 134 160 1 0 0 0 0 0 0 0 0 147 138 127 1 117 106 126 1 161 127 115 1 137 117 109 1 120 149 130 1 121 88 82 1 84 115 87 1 101 110 89 1 95 87 84 1 94 101 98 1 85 69 94 1 73 52 33 1 44 55 50 1 43 42 66 1 0 0 0 0 87 81 90 1 78 29 71 1 69 69 55 1 0 0 0 0 64 41 40 1 65 32 58 1 88 58 61 1 83 57 67 1 93 62 78 1 0 0 0 0 53 57 70 1 68 59 51 1 60 47 36 1 78 72 65 1 50 67 77 1 77 80 32 1 59 18 45 1 0 0 0 0 48 48 12 1 39 29 25 1
127 121 117 1 153 128 126 1 118 102 104 1 118 120 106 1 103 86 85 1 113 111 91 1 111 80 71 1 118 79 83 1 93 73 99 1 115 83 75 1 119 114 80 1 127 128 99 1 201 166 180 1 193 194 198 1 201 195 164 1 207 190 173 1 120 106 123 1 88 94 112 1 115 124 80 1 92 95 62 1 88 91 63 1 103 73 77 1 50 42 35 1 86 53 52 1 84 77 70 1 89 112 108 1 108 101 103 1 0 0 0 0 130 132 106 1 0 0 0 0 106 103 90 1 116 91 93 1 107 110 76 1 102 109 112 1 107 107 114 1 120 91 78 1 107 116 65 1 97 86 72 1 108 95 105 1 64 116 95 1 104 50 84 1 0 0 0 0 48 80 74 1 63 42 59 1 95 61 62 1 62 61 79 1 44 39 60 1 63 38 63 1 45 26 20 1 60 20 34 1 53 20 46 1 41 60 49 1 63 56 69 1 56 22 36 1 74 38 53 1 72 56 88 1 0 0 0 0 58 53 40 1 80 84 74 1 0 0 0 0 93 69 75 1 47 60 47 1 72 52 40 1 75 41 29 1
121 98 101 1 141 130 137 1 95 100 72 1 95 69 76 1 108 88 87 1 84 77 70 1 100 92 77 1 118 108 89 1 129 121 125 1 137 128 136 1 138 152 135 1 159 130 152 1 184 157 147 1 151 141 133 1 165 161 157 1 190 151 150 1 171 183 160 1 133 124 124 1 153 158 130 1 150 123 98 1 134 126 115 1 0 0 0 0 88 73 76 1 95 29 58 1 87 56 70 1 108 58 65 1 132 136 127 1 149 128 116 1 153 147 140 1 180 144 139 1 113 92 106 1 111 104 110 1 103 100 80 1 115 112 96 1 137 131 83 1 117 116 111 1 109 122 69 1 69 92 59 1 66 61 50 1 86 90 55 1 125 93 106 1 82 67 115 1 70 69 92 1 68 73 65 1 40 57 39 1 40 65 36 1 64 39 70 1 35 52 44 1 34 52 74 1 75 67 60 1 74 70 52 1 63 43 48 1 55 49 42 1 23 47 55 1 50 36 30 1 42 50 22 1 31 19 35 1 57 46 46 1 37 44 50 1 58 46 26 1 46 34 46 1 48 32 24 1 39 32 40 1 56 45 30 1
93 96 115 1 120 129 69 1 87 80 74 1 77 68 56 1 64 72 74 1 94 48 82 1 106 86 93 1 110 92 106 1 121 131 106 1 142 154 139 1 167 140 154 1 144 117 128 1 120 89 100 1 92 87 110 1 140 98 101 1 118 118 130 1 182 116 138 1 146 124 128 1 183 126 148 1 162 126 113 1 172 123 110 1 146 138 124 1 118 106 105 1 120 113 91 1 116 100 88 1 110 99 88 1 150 122 139 1 0 0 0 0 196 154 187 1 170 170 168 1 111 116 118 1 107 75 89 1 96 98 90 1 110 107 91 1 121 101 90 1 0 0 0 0 115 89 114 1 84 84 98 1 41 75 72 1 40 41 34 1 106 80 85 1 0 0 0 0 97 85 87 1 61 51 96 1 46 41 77 1 49 74 31 1 60 56 83 1 67 53 56 1 74 56 75 1 56 93 75 1 42 51 31 1 70 35 50 1 60 19 47 1 0 0 0 0 53 27 40 1 31 41 45 1 0 0 0 0 19 25 43 1 56 43 13 1 50 43 16 1 0 0 0 0 28 50 19 1 36 40 34 1 51 63 37 1
95 80 75 1 97 86 78 1 124 77 61 1 67 83 56 1 0 0 0 0 98 65 67 1 91 82 88 1 129 107 93 1 121 112 144 1 137 129 122 1 142 117 129 1 0 0 0 0 114 94 88 1 108 69 64 1 113 78 79 1 125 114 105 1 138 134 112 1 150 116 128 1 0 0 0 0 171 145 141 1 173 135 134 1 170 133 146 1 149 107 106 1 133 104 104 1 0 0 0 0 103 85 81 1 171 146 124 1 196 158 171 1 185 152 150 1 195 181 146 1 0 0 0 0 91 87 92 1 88 72 73 1 83 106 83 1 109 108 84 1 130 112 98 1 129 102 94 1 84 93 70 1 35 70 75 1 0 0 0 0 89 59 72 1 102 77 98 1 88 97 76 1 76 65 96 1 62 85 78 1 61 85 73 1 81 62 77 1 51 60 61 1 64 65 79 1 73 71 63 1 59 37 27 1 66 60 74 1 51 31 31 1 48 6 31 1 43 18 14 1 27 23 41 1 45 20 23 1 55 23 39 1 22 29 14 1 32 13 28 1 34 29 31 1 49 19 18 1 53 31 24 1 57 35 57 1
83 57 65 1 94 63 66 1 83 85 73 1 79 56 60 1 0 0 0 0 69 52 70 1 74 98 120 1 103 111 124 1 131 134 143 1 133 121 131 1 0 0 0 0 135 131 104 1 105 79 73 1 66 84 88 1 108 96 93 1 100 91 127 1 157 113 122 1 168 110 127 1 182 119 130 1 135 114 140 1 163 142 139 1 0 0 0 0 0 0 0 0 147 103 120 1 115 116 113 1 91 84 84 1 149 121 138 1 169 148 154 1 168 152 130 1 162 150 166 1 92 116 138 1 95 95 92 1 91 83 103 1 96 78 85 1 80 115 103 1 105 127 126 1 104 86 111 1 65 79 83 1 0 0 0 0 70 34 63 1 65 67 93 1 74 78 109 1 93 83 88 1 84 88 90 1 81 70 85 1 86 87 78 1 89 74 93 1 43 61 66 1 65 64 63 1 57 62 81 1 42 56 87 1 44 43 68 1 36 20 61 1 41 26 39 1 42 37 47 1 47 11 47 1 12 0 61 1 11 18 29 1 31 9 13 1 61 0 19 1 45 35 8 1 0 0 0 0 39 30 65 1 67 34 63 1
66 53 56 1 46 47 44 1 56 51 39 1 0 0 0 0 82 83 59 1 83 70 65 1 106 109 90 1 103 147 129 1 124 135 115 1 117 128 124 1 115 126 129 1 110 107 104 1 92 93 91 1 83 75 111 1 117 120 95 1 133 114 96 1 115 112 103 1 99 103 72 1 85 91 90 1 86 84 64 1 134 101 85 1 128 96 78 1 0 0 0 0 126 88 111 1 100 85 95 1 90 79 91 1 73 79 83 1 119 99 108 1 123 116 97 1 107 91 92 1 93 66 83 1 73 53 80 1 99 74 75 1 95 95 100 1 95 82 96 1 108 92 100 1 105 99 100 1 75 85 99 1 74 86 79 1 52 84 72 1 89 80 98 1 60 77 78 1 102 86 103 1 94 95 90 1 95 82 89 1 87 67 101 1 77 61 84 1 57 72 92 1 51 74 72 1 70 62 79 1 88 41 74 1 0 0 0 0 47 53 49 1 26 81 39 1 53 52 82 1 55 56 52 1 40 16 26 1 41 36 38 1 64 30 22 1 51 42 25 1 59 47 40 1 37 40 41 1 67 56 51 1 0 0 0 0
73 31 35 1 51 23 45 1 47 16 39 1 7 17 13 1 99 70 115 1 62 115 97 1 122 115 133 1 99 119 136 1 80 124 124 1 101 96 124 1 113 143 130 1 116 118 157 1 66 104 133 1 95 77 66 1 96 117 77 1 126 64 103 1 113 62 98 1 111 80 91 1 90 65 39 1 0 0 0 0 106 58 95 1 104 73 71 1 149 103 117 1 0 0 0 0 134 88 99 1 116 89 83 1 100 104 107 1 96 81 81 1 92 96 87 1 98 95 74 1 74 72 77 1 89 80 100 1 69 89 73 1 102 104 106 1 83 99 119 1 119 125 104 1 69 113 120 1 107 124 104 1 97 99 117 1 71 95 98 1 91 98 91 1 92 88 82 1 105 101 77 1 104 110 110 1 72 74 119 1 80 58 74 1 73 78 101 1 93 83 69 1 85 81 86 1 78 78 87 1 66 68 95 1 93 80 111 1 52 75 52 1 77 65 84 1 42 62 54 1 55 56 86 1 68 35 47 1 54 22 51 1 0 0 0 0 42 28 45 1 27 26 34 1 45 28 32 1 51 47 41 1 55 87 53 1
66 40 41 1 0 0 0 0 0 0 0 0 100 113 120 1 165 177 158 1 148 154 142 1 122 125 184 1 121 141 161 1 0 0 0 0 87 83 89 1 53 80 93 1 95 83 113 1 81 76 85 1 66 49 70 1 98 70 72 1 113 88 68 1 118 95 91 1 109 88 62 1 100 56 45 1 73 43 61 1 62 30 75 1 81 47 65 1 126 114 120 1 124 97 90 1 101 117 114 1 126 88 109 1 127 111 94 1 80 97 103 1 93 85 86 1 84 102 101 1 95 90 104 1 95 90 94 1 93 63 91 1 81 114 70 1 88 109 89 1 103 104 110 1 78 98 102 1 76 102 92 1 0 0 0 0 0 0 0 0 95 108 108 1 106 125 97 1 87 97 103 1 92 106 106 1 100 106 82 1 85 91 104 1 61 71 75 1 46 53 66 1 61 82 53 1 77 99 100 1 0 0 0 0 60 40 57 1 61 43 71 1 66 85 77 1 71 46 53 1 53 68 58 1 52 62 53 1 52 62 17 1 33 42 63 1 0 0 0 0 59 38 45 1 57 51 41 1 44 34 30 1 58 32 42 1
60 48 48 1 63 65 51 1 154 118 168 1 177 163 180 1 169 199 218 1 157 150 168 1 131 133 180 1 128 147 155 1 80 98 118 1 87 71 107 1 87 86 77 1 61 113 82 1 73 66 85 1 60 74 83 1 72 71 83 1 70 80 70 1 0 0 0 0 140 100 88 1 108 70 79 1 121 62 101 1 95 64 58 1 108 85 76 1 124 111 116 1 98 115 86 1 110 72 95 1 124 101 86 1 117 94 103 1 121 86 74 1 115 93 88 1 97 93 82 1 110 81 101 1 82 98 112 1 88 103 81 1 85 74 117 1 80 79 124 1 83 76 92 1 66 82 97 1 64 95 72 1 88 70 86 1 78 92 78 1 81 102 89 1 71 82 102 1 100 97 102 1 113 108 105 1 107 83 109 1 67 94 108 1 81 80 78 1 56 50 68 1 41 66 68 1 69 66 59 1 45 58 80 1 61 44 76 1 52 79 78 1 41 64 56 1 72 50 54 1 39 45 65 1 40 37 28 1 54 53 16 1 0 0 0 0 54 24 27 1 43 38 23 1 52 43 29 1 37 0 38 1 37 38 19 1
117 104 97 1 66 59 73 1 172 136 151 1 253 201 255 1 184 195 213 1 157 157 160 1 116 114 162 1 129 135 155 1 107 111 137 1 76 83 100 1 68 75 116 1 46 79 87 1 75 88 88 1 76 59 104 1 90 62 63 1 71 87 80 1 106 79 89 1 124 88 58 1 125 87 79 1 95 93 92 1 128 108 82 1 121 109 102 1 126 117 123 1 123 117 96 1 121 82 118 1 114 92 78 1 104 86 97 1 106 89 94 1 100 57 85 1 92 78 93 1 129 89 94 1 117 94 102 1 89 110 105 1 117 89 109 1 107 108 97 1 102 75 99 1 44 68 77 1 89 101 84 1 47 63 64 1 47 64 91 1 78 70 90 1 82 84 119 1 72 84 83 1 68 73 88 1 79 98 107 1 76 60 80 1 59 73 74 1 51 57 73 1 36 61 40 1 50 44 48 1 37 35 47 1 43 43 33 1 82 63 37 1 39 67 59 1 29 18 33 1 53 9 34 1 30 46 47 1 20 43 16 1 18 9 32 1 37 22 25 1 12 8 23 1 54 33 33 1 37 24 47 1 25 35 16 1
96 87 79 1 108 101 105 1 174 187 192 1 210 211 221 1 186 178 176 1 121 139 159 1 97 102 136 1 94 117 120 1 0 0 0 0 0 0 0 0 48 70 91 1 41 58 88 1 68 65 106 1 100 93 105 1 92 45 81 1 69 78 61 1 52 68 51 1 82 83 60 1 98 80 94 1 0 0 0 0 132 108 92 1 131 125 95 1 111 97 96 1 128 125 124 1 116 90 106 1 105 119 83 1 69 119 85 1 0 0 0 0 80 69 75 1 55 85 65 1 104 105 80 1 87 92 101 1 104 86 90 1 75 95 101 1 74 95 64 1 87 96 71 1 83 66 84 1 54 93 74 1 70 53 76 1 71 62 65 1 85 70 88 1 77 63 77 1 81 72 67 1 98 73 92 1 64 54 63 1 0 0 0 0 0 0 0 0 65 60 79 1 46 49 35 1 28 30 36 1 49 60 33 1 40 37 26 1 60 47 52 1 48 62 54 1 30 38 51 1 17 27 40 1 14 8 28 1 42 17 38 1 13 9 29 1 28 15 0 1 50 23 20 1 29 37 35 1 16 4 3 1 36 25 35 1
116 71 78 1 132 145 127 1 131 131 129 1 65 69 105 1 58 79 81 1 79 74 94 1 83 83 97 1 65 49 76 1 85 67 73 1 108 84 108 1 0 0 0 0 69 85 124 1 120 107 120 1 118 126 133 1 85 83 95 1 88 71 56 1 61 74 81 1 95 67 65 1 97 82 102 1 79 113 85 1 81 82 48 1 86 83 60 1 75 65 75 1 85 74 87 1 127 98 120 1 120 107 113 1 104 99 90 1 84 98 99 1 82 100 87 1 101 83 87 1 146 121 119 1 116 125 132 1 99 75 84 1 79 84 96 1 68 79 72 1 72 71 87 1 62 46 89 1 44 67 37 1 31 35 61 1 23 35 49 1 51 42 37 1 28 33 41 1 53 35 51 1 53 55 37 1 8 39 42 1 42 42 22 1 41 59 4 1 38 31 38 1 32 29 13 1 38 0 33 1 0 0 19 1 0 21 14 1 36 24 12 1 37 28 0 1 27 13 15 1 42 32 41 1 42 26 40 1 14 19 44 1 0 0 0 0 44 45 30 1 45 52 44 1 61 34 19 1 55 39 57 1 71 48 74 1
40 54 55 1 92 79 94 1 95 90 125 1 71 83 66 1 72 120 73 1 83 81 82 1 72 77 95 1 0 0 0 0 73 72 74 1 83 84 86 1 69 87 70 1 74 82 102 1 92 94 104 1 89 112 107 1 116 98 94 1 79 80 99 1 54 67 90 1 93 73 78 1 93 80 82 1 88 64 94 1 113 80 63 1 82 47 51 1 0 0 0 0 72 77 83 1 106 114 103 1 98 101 123 1 89 93 66 1 88 67 96 1 82 65 53 1 72 94 100 1 84 101 78 1 107 94 102 1 80 70 104 1 79 76 72 1 0 0 0 0 46 57 51 1 44 57 52 1 66 46 65 1 15 20 35 1 54 28 54 1 44 40 39 1 22 58 56 1 42 30 44 1 27 44 34 1 44 21 27 1 51 22 35 1 37 40 35 1 59 37 19 1 46 20 38 1 23 12 28 1 9 14 30 1 0 0 0 0 33 17 11 1 19 28 37 1 24 25 41 1 44 44 27 1 43 35 44 1 7 25 38 1 52 17 30 1 31 49 40 1 53 34 28 1 51 41 52 1 92 72 57 1 60 82 69 1
45 48 60 1 82 41 52 1 69 73 57 1 0 0 0 0 56 25 75 1 0 0 0 0 0 0 0 0 45 69 63 1 40 9 72 1 56 62 84 1 64 71 74 1 55 62 75 1 80 51 81 1 0 0 0 0 100 74 68 1 94 92 95 1 93 59 71 1 75 61 74 1 116 80 76 1 95 81 61 1 62 54 60 1 72 48 54 1 57 61 52 1 58 80 84 1 63 71 77 1 107 110 95 1 53 65 71 1 78 45 39 1 65 69 83 1 70 80 51 1 104 45 49 1 41 40 63 1 54 38 53 1 48 30 38 1 26 35 34 1 0 28 43 1 36 15 40 1 35 8 13 1 30 36 21 1 22 17 36 1 49 28 34 1 3 16 28 1 36 19 15 1 43 10 26 1 0 0 0 0 34 13 16 1 27 34 23 1 26 35 25 1 50 36 44 1 28 25 37 1 69 24 13 1 32 37 47 1 14 49 48 1 0 0 0 0 49 22 14 1 43 15 27 1 36 23 28 1 49 60 20 1 64 80 45 1 69 46 44 1 47 35 36 1 56 34 44 1 71 84 62 1 0 0 0 0
43 56 39 1 51 34 39 1 40 60 59 1 45 18 58 1 40 53 75 1 32 36 73 1 35 63 43 1 32 47 53 1 47 47 47 1 65 61 69 1 55 68 65 1 48 65 70 1 62 51 73 1 58 50 51 1 0 0 0 0 83 63 94 1 84 63 61 1 83 69 83 1 88 68 66 1 0 0 0 0 77 67 37 1 80 38 72 1 66 75 55 1 0 0 0 0 85 87 47 1 0 0 0 0 50 57 48 1 57 63 74 1 90 66 66 1 47 42 66 1 51 50 11 1 18 25 28 1 25 27 22 1 28 28 0 1 17 27 16 1 20 34 6 1 49 40 23 1 26 23 51 1 41 13 27 1 45 13 0 1 38 6 44 1 35 27 54 1 26 32 21 1 46 10 39 1 37 0 7 1 39 29 17 1 38 27 27 1 58 36 27 1 46 38 16 1 53 11 30 1 40 47 50 1 56 22 22 1 53 29 40 1 43 8 56 1 56 27 23 1 46 17 28 1 42 66 19 1 61 43 40 1 0 0 0 0 64 40 50 1 49 47 51 1 76 25 27 1 82 71 79 1 96 89 85 1
22 17 12 1 44 21 36 1 47 13 17 1 25 16 18 1 26 14 48 1 33 10 32 1 14 6 15 1 36 0 38 1 27 11 46 1 12 7 43 1 22 12 30 1 29 14 31 1 0 0 0 0 45 20 57 1 46 0 54 1 29 10 17 1 44 13 23 1 40 6 0 1 21 36 42 1 26 27 27 1 78 25 49 1 64 49 65 1 80 50 80 1 67 52 46 1 60 33 49 1 40 45 36 1 31 39 30 1 52 33 42 1 75 33 50 1 77 45 57 1 37 45 63 1 53 30 46 1 33 18 0 1 0 0 0 0 0 0 0 0 44 35 27 1 71 50 51 1 52 19 27 1 58 29 46 1 0 0 0 0 90 63 79 1 70 57 47 1 56 65 52 1 65 59 51 1 99 65 33 1 41 37 44 1 55 7 44 1 23 57 41 1 65 51 52 1 0 0 0 0 36 28 54 1 60 53 61 1 82 35 39 1 69 61 54 1 58 52 42 1 61 30 43 1 59 46 32 1 75 36 76 1 62 41 20 1 90 34 43 1 81 89 71 1 0 0 0 0 109 120 99 1 100 110 92 1
13 17 1 1 16 8 0 1 32 0 9 1 45 18 9 1 37 0 19 1 0 0 35 1 10 25 29 1 13 0 10 1 13 14 20 1 7 12 39 1 20 4 22 1 42 0 23 1 44 34 46 1 44 42 16 1 66 15 30 1 23 26 47 1 20 0 38 1 21 0 0 1 42 10 0 1 41 0 13 1 29 18 37 1 61 28 21 1 87 33 49 1 88 36 45 1 37 47 43 1 60 28 41 1 56 24 30 1 58 18 38 1 73 58 32 1 87 52 79 1 79 53 34 1 55 19 42 1 46 39 20 1 40 45 29 1 42 47 43 1 41 41 25 1 40 43 42 1 60 44 25 1 32 33 41 1 63 53 34 1 103 92 66 1 86 50 64 1 84 46 61 1 62 32 64 1 56 34 57 1 71 40 44 1 83 46 45 1 64 56 44 1 0 0 0 0 45 34 52 1 52 37 47 1 89 60 52 1 100 38 65 1 0 0 0 0 0 0 0 0 56 35 49 1 56 70 64 1 85 46 41 1 57 48 18 1 65 43 53 1 92 66 82 1 120 115 130 1 142 134 116 1 162 130 124 1
0 0 0 0 0 0 16 1 35 7 0 1 8 0 0 1 40 17 0 1 13 0 0 1 0 0 0 0 9 0 7 1 26 0 25 1 23 24 26 1 16 8 15 1 61 28 38 1 0 0 0 0 62 52 53 1 96 42 59 1 54 35 55 1 17 35 53 1 40 22 23 1 30 0 39 1 34 38 19 1 44 26 18 1 85 46 26 1 44 28 45 1 59 35 47 1 90 39 46 1 87 51 36 1 62 30 49 1 62 11 28 1 68 48 51 1 101 45 37 1 0 0 0 0 57 35 29 1 37 46 58 1 53 29 40 1 52 24 21 1 52 26 38 1 55 38 28 1 57 27 33 1 47 28 48 1 23 51 34 1 97 81 71 1 76 59 63 1 70 65 56 1 68 67 37 1 64 62 41 1 0 0 0 0 68 50 31 1 81 27 44 1 65 54 40 1 56 34 30 1 85 40 60 1 72 58 67 1 90 62 67 1 86 74 54 1 45 8 25 1 54 40 21 1 30 39 21 1 27 48 30 1 0 0 0 0 83 58 68 1 114 73 70 1 122 131 100 1 167 139 157 1 177 164 146 1
34 3 8 1 14 0 20 1 22 0 15 1 1 36 16 1 19 14 9 1 13 0 6 1 28 21 4 1 28 20 27 1 21 28 37 1 15 32 27 1 36 38 34 1 54 18 29 1 42 36 48 1 66 55 71 1 59 25 47 1 85 36 63 1 66 13 32 1 26 19 40 1 55 35 45 1 43 30 37 1 49 17 20 1 63 50 66 1 77 12 64 1 0 0 0 0 77 68 46 1 87 28 50 1 60 30 35 1 43 45 61 1 82 83 58 1 92 59 76 1 70 51 79 1 70 31 52 1 60 69 58 1 53 62 55 1 58 42 55 1 37 11 31 1 73 32 41 1 46 34 25 1 67 44 30 1 35 31 63 1 72 64 76 1 48 53 49 1 59 45 74 1 35 44 14 1 70 45 24 1 43 16 42 1 51 27 21 1 50 37 46 1 32 52 34 1 0 0 0 0 53 49 64 1 79 85 67 1 84 64 70 1 64 49 67 1 52 29 21 1 47 25 43 1 66 46 27 1 52 23 41 1 74 49 36 1 82 71 79 1 103 82 97 1 141 121 120 1 162 149 144 1 0 0 0 0
91 69 100 1 86 91 99 1 62 42 50 1 69 62 48 1 44 47 20 1 63 36 35 1 44 36 29 1 34 22 42 1 66 29 28 1 60 60 49 1 58 14 45 1 51 81 66 1 78 54 46 1 0 0 0 0 74 48 61 1 97 59 56 1 80 63 84 1 101 45 86 1 87 82 84 1 104 65 68 1 0 0 0 0 85 66 64 1 92 82 57 1 88 56 59 1 81 54 39 1 102 66 69 1 103 68 51 1 101 59 77 1 60 58 59 1 103 40 35 1 87 35 73 1 83 40 34 1 0 0 0 0 82 35 52 1 64 36 50 1 36 41 25 1 52 20 38 1 43 35 22 1 69 33 16 1 66 22 53 1 73 42 31 1 64 41 18 1 46 57 42 1 77 53 40 1 28 38 24 1 60 29 19 1 47 44 37 1 60 63 50 1 87 30 35 1 0 0 0 0 66 47 43 1 71 43 24 1 73 55 72 1 62 40 41 1 68 25 56 1 51 48 43 1 54 45 37 1 77 28 41 1 92 67 45 1 94 60 79 1 95 75 72 1 90 77 94 1 107 55 80 1 91 61 95 1
87 89 85 1 99 74 104 1 96 65 63 1 71 77 60 1 45 73 51 1 58 65 39 1 43 54 38 1 66 62 39 1 52 41 48 1 60 36 14 1 13 23 43 1 63 1 29 1 0 0 0 0 56 20 25 1 65 43 35 1 0 0 0 0 82 54 64 1 122 75 60 1 85 78 58 1 101 50 36 1 100 44 70 1 88 63 63 1 86 52 66 1 97 71 69 1 72 61 47 1 69 67 32 1 85 54 71 1 94 54 45 1 90 49 14 1 48 60 17 1 75 22 49 1 87 69 54 1 87 68 42 1 68 58 37 1 81 27 44 1 38 50 31 1 57 44 41 1 43 35 56 1 50 72 36 1 35 57 41 1 0 0 0 0 66 47 41 1 0 0 0 0 32 52 55 1 41 47 40 1 45 5 46 1 59 26 40 1 62 53 62 1 77 38 50 1 49 22 39 1 54 44 43 1 83 54 83 1 68 51 58 1 64 46 36 1 0 0 0 0 35 53 41 1 71 59 35 1 0 0 0 0 76 73 53 1 103 57 58 1 0 0 0 0 93 93 58 1 0 0 0 0 115 89 72 1
0 0 0 0 102 82 102 1 0 0 0 0 75 68 67 1 46 53 41 1 54 44 59 1 69 59 37 1 71 53 49 1 61 47 42 1 51 28 55 1 39 17 34 1 38 6 43 1 0 0 0 0 35 17 40 1 57 51 18 1 44 31 46 1 64 48 53 1 66 51 67 1 87 48 52 1 86 68 23 1 85 53 54 1 0 0 0 0 75 80 82 1 90 51 33 1 87 47 65 1 72 35 65 1 75 54 62 1 88 58 36 1 86 55 39 1 0 0 0 0 81 72 35 1 86 30 71 1 82 80 71 1 54 74 34 1 0 0 0 0 72 47 35 1 65 50 54 1 39 26 26 1 52 54 24 1 52 49 22 1 65 59 36 1 67 43 50 1 71 52 43 1 56 77 53 1 63 39 33 1 68 41 59 1 0 0 0 0 61 53 50 1 52 47 32 1 59 35 48 1 44 64 47 1 75 42 36 1 67 75 71 1 50 40 67 1 75 62 53 1 48 45 69 1 60 47 60 1 75 33 56 1 64 57 73 1 87 26 70 1 89 77 73 1 76 74 84 1 103 87 84 1 92 88 101 1
81 104 62 1 106 77 91 1 74 64 58 1 87 67 39 1 45 33 49 1 65 60 49 1 63 49 42 1 71 46 53 1 59 56 57 1 65 78 7 1 0 0 0 0 37 17 20 1 53 18 53 1 42 28 16 1 68 11 10 1 71 52 36 1 59 38 34 1 71 44 31 1 83 17 46 1 0 0 0 0 100 61 66 1 99 59 76 1 94 75 82 1 90 62 75 1 67 53 55 1 64 40 54 1 88 31 33 1 0 0 0 0 79 21 30 1 54 52 26 1 65 56 51 1 97 50 60 1 87 54 50 1 81 60 45 1 94 69 52 1 68 54 64 1 60 51 52 1 42 53 35 1 0 0 0 0 42 26 35 1 57 56 41 1 61 68 45 1 74 48 58 1 62 52 62 1 82 57 37 1 61 61 24 1 69 52 32 1 87 34 43 1 59 13 55 1 63 0 45 1 42 13 57 1 79 63 52 1 73 56 58 1 84 71 49 1 86 59 33 1 93 50 57 1 77 51 49 1 70 61 39 1 0 0 0 0 102 48 61 1 59 56 55 1 0 0 0 0 94 62 63 1 87 82 47 1
94 61 49 1 82 64 68 1 82 68 74 1 71 83 57 1 91 57 90 1 80 80 71 1 64 60 62 1 0 0 0 0 62 54 55 1 23 53 42 1 74 54 50 1 72 49 47 1 64 70 61 1 79 78 52 1 90 65 15 1 74 65 66 1 41 21 11 1 47 3 32 1 51 18 6 1 48 7 4 1 79 43 44 1 77 40 53 1 70 63 35 1 58 58 48 1 102 62 54 1 101 51 49 1 77 49 50 1 89 47 46 1 63 54 52 1 106 44 51 1 80 63 96 1 92 55 58 1 104 89 79 1 113 68 81 1 110 83 59 1 0 0 0 0 61 60 69 1 92 52 58 1 73 30 65 1 64 53 50 1 81 75 55 1 67 36 54 1 70 52 46 1 57 46 36 1 55 10 9 1 56 17 20 1 47 26 35 1 59 27 36 1 0 0 0 0 59 32 28 1 26 14 46 1 46 30 30 1 58 25 45 1 51 53 15 1 76 61 78 1 99 52 85 1 82 59 74 1 125 76 84 1 135 100 90 1 118 125 87 1 129 111 98 1 120 54 68 1 0 0 0 0 101 97 84 1
99 42 71 1 82 73 58 1 67 82 76 1 117 60 63 1 108 75 52 1 98 56 63 1 77 50 61 1 0 0 0 0 58 20 33 1 43 42 11 1 40 49 32 1 52 18 69 1 55 58 74 1 79 57 93 1 61 65 43 1 98 69 37 1 28 26 30 1 27 20 20 1 33 0 5 1 27 0 5 1 45 24 54 1 55 25 19 1 70 47 27 1 78 54 48 1 60 64 19 1 74 58 60 1 118 73 29 1 69 51 60 1 95 49 67 1 120 59 75 1 114 71 67 1 120 77 50 1 109 75 72 1 108 62 82 1 101 73 95 1 113 63 59 1 88 83 54 1 90 54 50 1 84 43 42 1 96 56 65 1 66 39 40 1 81 48 41 1 56 48 47 1 78 40 63 1 51 44 49 1 61 16 17 1 0 0 0 0 44 19 44 1 53 40 15 1 67 51 23 1 42 62 20 1 50 21 19 1 48 31 15 1 47 27 30 1 83 80 59 1 104 86 89 1 101 83 67 1 119 113 105 1 112 85 110 1 120 88 93 1 145 95 92 1 117 107 77 1 132 86 77 1 119 97 106 1
80 38 74 1 124 45 64 1 96 62 66 1 94 57 53 1 98 87 84 1 0 0 0 0 63 41 70 1 57 62 51 1 74 25 25 1 50 8 9 1 51 22 27 1 25 11 17 1 32 30 29 1 59 61 76 1 87 46 54 1 89 70 83 1 48 38 61 1 65 15 33 1 49 18 0 1 65 29 18 1 63 44 28 1 66 74 23 1 37 22 25 1 61 44 51 1 86 87 35 1 104 68 64 1 120 119 81 1 93 79 81 1 108 94 82 1 140 101 93 1 133 81 107 1 92 94 84 1 85 39 38 1 95 55 47 1 113 85 98 1 110 96 87 1 102 73 63 1 104 78 60 1 64 59 35 1 100 57 13 1 53 69 44 1 58 57 33 1 67 33 35 1 0 0 0 0 91 49 50 1 34 12 55 1 50 8 14 1 32 37 21 1 50 29 24 1 44 32 44 1 56 0 0 1 0 0 0 0 58 3 62 1 70 38 41 1 113 66 87 1 124 130 83 1 133 106 92 1 143 119 94 1 85 70 84 1 81 86 50 1 112 69 73 1 116 53 57 1 64 74 46 1 80 84 45 1
65 77 69 1 111 56 56 1 79 40 60 1 100 56 43 1 90 57 76 1 66 61 69 1 91 41 55 1 79 43 48 1 41 26 27 1 41 37 18 1 49 10 37 1 26 26 8 1 38 26 40 1 57 40 39 1 74 27 34 1 69 59 58 1 63 48 28 1 0 0 0 0 60 42 8 1 63 64 53 1 80 57 37 1 66 49 38 1 82 35 10 1 75 30 22 1 91 43 38 1 81 54 93 1 145 108 70 1 116 86 81 1 118 80 70 1 103 86 82 1 141 89 93 1 110 84 107 1 0 0 0 0 83 33 67 1 112 67 85 1 139 80 87 1 64 69 72 1 0 0 0 0 83 27 43 1 79 54 44 1 0 0 0 0 0 0 0 0 50 38 13 1 35 39 28 1 82 57 54 1 68 29 36 1 69 23 15 1 38 50 14 1 63 29 20 1 39 24 28 1 33 50 9 1 62 7 0 1 63 66 22 1 56 62 63 1 98 47 79 1 112 99 80 1 128 88 89 1 151 98 78 1 102 53 61 1 100 74 53 1 109 63 40 1 99 95 61 1 76 55 46 1 69 65 25 1
76 29 16 1 89 54 58 1 75 52 57 1 52 47 52 1 65 65 63 1 81 64 68 1 0 0 0 0 89 68 49 1 99 22 44 1 71 35 49 1 39 47 52 1 0 0 0 0 14 30 8 1 49 37 26 1 49 57 21 1 41 25 61 1 44 20 16 1 15 8 24 1 42 36 27 1 0 0 0 0 58 47 58 1 67 44 56 1 82 44 31 1 67 33 33 1 62 46 40 1 70 60 48 1 98 31 44 1 78 35 28 1 73 60 39 1 0 0 0 0 120 102 80 1 114 112 79 1 114 69 74 1 107 51 54 1 88 68 51 1 99 78 68 1 111 54 67 1 73 66 47 1 78 49 29 1 0 0 0 0 84 38 30 1 42 29 49 1 59 27 51 1 0 0 0 0 37 59 32 1 0 0 0 0 67 50 55 1 70 74 61 1 0 0 0 0 73 39 33 1 59 40 40 1 85 72 54 1 95 49 53 1 136 67 94 1 89 64 55 1 99 79 67 1 87 56 52 1 104 60 85 1 115 92 28 1 84 57 47 1 90 30 45 1 107 74 63 1 102 87 63 1 63 72 47 1
0 0 0 0 66 28 31 1 74 71 54 1 89 34 54 1 84 70 51 1 84 46 57 1 109 79 60 1 97 67 61 1 82 48 59 1 41 55 60 1 0 0 0 0 46 35 33 1 52 20 26 1 54 10 46 1 67 47 41 1 74 43 19 1 35 30 45 1 26 25 32 1 20 0 8 1 25 19 14 1 82 45 46 1 75 37 34 1 35 34 12 1 81 18 23 1 54 46 43 1 60 73 28 1 59 17 17 1 38 7 0 1 37 20 2 1 64 19 21 1 104 76 58 1 126 67 87 1 118 67 73 1 135 70 57 1 96 45 39 1 91 59 27 1 81 61 14 1 79 60 46 1 98 47 70 1 0 0 0 0 60 36 25 1 0 0 0 0 61 29 35 1 53 51 26 1 77 59 45 1 0 0 0 0 88 78 39 1 82 38 75 1 62 42 35 1 88 53 47 1 78 73 91 1 118 96 101 1 131 89 90 1 117 84 100 1 144 95 66 1 99 53 70 1 108 70 48 1 93 68 49 1 101 73 49 1 90 82 65 1 98 87 69 1 89 51 21 1 97 86 77 1 106 68 92 1
69 47 40 1 88 38 47 1 75 41 39 1 0 0 0 0 52 52 29 1 66 22 47 1 66 45 41 1 92 41 57 1 76 41 56 1 70 64 52 1 85 45 32 1 71 23 18 1 51 43 26 1 61 47 46 1 48 38 46 1 0 0 0 0 85 20 14 1 68 24 52 1 22 44 17 1 46 31 20 1 27 27 13 1 68 53 36 1 59 80 105 1 96 93 54 1 124 79 66 1 128 89 87 1 96 61 78 1 97 50 60 1 41 35 41 1 48 15 12 1 63 20 4 1 82 32 32 1 126 77 83 1 131 119 99 1 115 99 80 1 103 70 48 1 78 47 29 1 71 23 36 1 61 13 19 1 66 59 23 1 75 44 46 1 81 43 56 1 43 46 56 1 0 0 0 0 87 56 64 1 83 65 76 1 122 84 53 1 123 74 68 1 74 55 39 1 75 35 31 1 65 56 38 1 88 40 54 1 84 73 46 1 88 82 48 1 68 30 0 1 59 25 2 1 88 50 35 1 80 50 57 1 68 42 37 1 97 53 57 1 94 47 71 1 104 69 41 1 89 69 74 1 117 68 89 1
63 35 55 1 48 50 32 1 73 65 37 1 0 0 0 0 0 0 0 0 72 42 58 1 36 23 21 1 72 32 74 1 57 42 38 1 97 28 39 1 52 35 32 1 61 28 25 1 81 42 35 1 88 53 32 1 56 44 29 1 0 0 0 0 70 47 55 1 75 63 42 1 60 44 36 1 33 33 27 1 49 45 41 1 29 50 22 1 80 35 51 1 71 45 49 1 109 74 69 1 110 70 86 1 86 73 79 1 93 72 42 1 79 36 47 1 31 8 10 1 47 0 6 1 61 31 27 1 102 66 92 1 151 112 132 1 159 142 124 1 171 140 122 1 0 0 0 0 87 55 41 1 72 23 16 1 62 29 19 1 96 74 55 1 65 23 59 1 88 48 23 1 56 61 42 1 69 44 45 1 78 69 67 1 109 81 71 1 84 46 46 1 88 48 39 1 53 69 29 1 59 52 32 1 96 63 56 1 103 83 47 1 99 62 47 1 34 0 0 1 49 18 0 1 48 25 25 1 60 31 46 1 81 37 43 1 62 46 28 1 69 66 46 1 66 56 30 1 80 56 69 1 0 0 0 0
55 58 57 1 64 31 53 1 64 39 45 1 56 42 47 1 66 31 44 1 0 0 0 0 78 37 65 1 81 47 61 1 82 37 34 1 0 0 0 0 77 55 31 1 56 36 46 1 79 49 40 1 44 32 18 1 57 39 37 1 51 27 47 1 34 35 32 1 48 25 47 1 80 39 25 1 50 23 28 1 56 22 47 1 34 31 17 1 55 26 0 1 48 22 33 1 53 33 44 1 96 40 54 1 0 0 0 0 70 51 60 1 89 37 64 1 88 37 37 1 45 5 3 1 40 17 0 1 75 34 50 1 92 22 46 1 137 97 80 1 136 123 90 1 133 110 85 1 136 91 113 1 124 78 66 1 104 68 45 1 0 0 0 0 71 67 47 1 84 36 49 1 61 28 50 1 68 62 40 1 60 53 31 1 104 70 51 1 114 66 72 1 120 113 95 1 106 87 80 1 121 82 69 1 122 118 111 1 128 111 107 1 159 130 86 1 98 67 65 1 112 59 59 1 58 27 36 1 54 9 26 1 40 40 7 1 37 40 15 1 59 31 31 1 76 42 46 1 87 49 21 1 64 66 53 1
89 27 38 1 77 33 34 1 63 26 40 1 65 37 14 1 44 11 27 1 55 28 41 1 59 39 39 1 64 45 65 1 92 67 37 1 62 50 48 1 69 53 57 1 63 43 25 1 65 47 49 1 46 27 21 1 47 31 18 1 39 38 17 1 76 24 43 1 53 50 52 1 59 30 21 1 47 33 34 1 36 35 25 1 37 34 53 1 62 28 28 1 28 34 18 1 64 28 10 1 72 28 57 1 84 71 52 1 85 45 40 1 64 51 54 1 62 48 21 1 58 35 36 1 48 28 11 1 34 12 20 1 0 0 0 0 0 0 0 0 70 69 56 1 103 72 85 1 146 82 92 1 126 92 95 1 121 99 61 1 122 81 69 1 71 56 56 1 85 70 34 1 70 65 30 1 73 52 42 1 83 45 31 1 97 53 70 1 126 54 49 1 89 100 100 1 135 90 88 1 173 115 122 1 164 132 132 1 177 152 146 1 205 144 155 1 163 131 115 1 147 118 98 1 100 77 54 1 43 45 45 1 42 0 0 1 48 3 31 1 52 33 15 1 94 27 15 1 69 16 22 1 70 38 24 1
54 30 45 1 61 73 42 1 49 51 54 1 64 32 53 1 65 36 23 1 76 59 63 1 78 43 17 1 76 28 46 1 0 0 0 0 0 0 0 0 0 0 0 0 105 66 61 1 63 38 15 1 55 18 22 1 63 15 5 1 61 2 37 1 60 30 39 1 59 56 13 1 53 36 47 1 47 39 44 1 56 61 37 1 63 46 38 1 65 40 33 1 41 47 39 1 86 46 60 1 0 0 0 0 90 75 45 1 80 62 41 1 0 0 0 0 83 29 29 1 61 48 35 1 67 16 6 1 48 12 12 1 46 0 6 1 47 18 0 1 28 4 36 1 37 41 24 1 29 27 38 1 107 50 38 1 93 76 59 1 156 101 109 1 142 111 122 1 130 97 86 1 102 82 70 1 113 83 89 1 147 114 94 1 173 110 128 1 162 136 111 1 0 0 0 0 159 115 100 1 139 126 110 1 133 112 93 1 0 0 0 0 85 92 77 1 113 82 48 1 135 75 71 1 0 0 0 0 107 76 71 1 50 16 0 1 27 36 17 1 45 35 34 1 104 89 62 1 68 42 42 1 58 22 41 1
46 58 54 1 60 36 34 1 81 64 31 1 87 53 59 1 79 34 7 1 0 0 0 0 70 69 47 1 54 23 50 1 70 37 41 1 89 65 68 1 73 62 62 1 68 47 63 1 34 44 18 1 16 21 25 1 37 31 15 1 39 0 19 1 80 33 29 1 70 35 12 1 74 39 28 1 65 19 28 1 72 38 37 1 65 56 76 1 46 33 25 1 60 23 33 1 91 61 25 1 80 64 67 1 91 79 56 1 99 43 61 1 70 37 41 1 59 44 56 1 89 42 38 1 83 41 51 1 53 22 41 1 63 41 50 1 51 44 0 1 61 35 4 1 51 31 2 1 53 16 18 1 59 33 31 1 80 54 49 1 140 118 111 1 141 135 114 1 110 96 72 1 100 89 67 1 143 132 78 1 140 116 119 1 154 126 145 1 0 0 0 0 0 0 0 0 157 126 111 1 144 98 78 1 138 105 89 1 91 76 66 1 92 72 79 1 90 67 62 1 96 95 62 1 98 100 49 1 108 72 90 1 50 12 2 1 32 0 20 1 78 18 47 1 105 64 75 1 97 78 44 1 64 21 20 1
62 29 24 1 39 34 52 1 0 0 0 0 46 37 32 1 61 18 42 1 62 55 34 1 87 49 72 1 86 34 62 1 69 30 41 1 53 33 74 1 0 0 0 0 0 0 0 0 56 51 31 1 23 41 10 1 41 7 39 1 83 49 26 1 71 4 14 1 44 16 20 1 60 27 26 1 62 33 26 1 65 44 41 1 81 57 25 1 59 22 14 1 64 45 20 1 63 33 40 1 65 28 50 1 99 82 59 1 72 35 40 1 82 48 42 1 77 46 47 1 54 31 29 1 100 48 31 1 48 47 27 1 55 51 53 1 86 36 48 1 78 52 34 1 75 58 30 1 43 11 9 1 52 10 24 1 44 15 14 1 147 112 119 1 167 138 109 1 160 127 112 1 146 121 101 1 132 104 106 1 171 99 117 1 149 120 105 1 178 145 129 1 134 87 99 1 125 106 84 1 125 102 48 1 90 73 65 1 73 81 48 1 55 55 29 1 93 38 33 1 99 77 46 1 0 0 0 0 88 49 71 1 68 23 22 1 55 58 14 1 44 28 7 1 90 46 50 1 72 51 26 1 37 15 5 1
60 21 49 1 55 27 26 1 0 0 0 0 51 33 53 1 80 31 34 1 74 28 38 1 74 52 67 1 71 74 63 1 83 51 50 1 61 16 40 1 58 30 13 1 68 60 15 1 88 24 48 1 68 31 58 1 40 23 30 1 75 39 36 1 61 30 50 1 50 29 12 1 66 37 38 1 48 48 27 1 57 14 59 1 82 33 61 1 44 34 21 1 44 46 16 1 61 24 31 1 0 0 0 0 74 46 35 1 77 42 41 1 73 29 34 1 75 58 71 1 50 54 46 1 66 24 20 1 99 57 73 1 91 74 68 1 105 76 69 1 108 62 63 1 85 86 67 1 61 43 20 1 58 5 0 1 42 0 0 1 105 118 79 1 0 0 0 0 142 125 118 1 0 0 0 0 182 110 115 1 158 115 123 1 0 0 0 0 157 174 130 1 116 100 59 1 108 60 64 1 83 83 57 1 83 49 35 1 79 13 12 1 52 32 35 1 91 35 22 1 97 37 25 1 96 72 59 1 88 61 59 1 84 68 34 1 0 0 0 0 72 20 30 1 59 3 0 1 64 30 1 1 87 24 18 1
64 36 52 1 36 47 5 1 22 45 46 1 0 0 0 0 57 40 20 1 47 18 16 1 57 50 56 1 65 36 20 1 71 29 52 1 72 52 32 1 63 50 35 1 40 49 57 1 59 42 36 1 101 48 58 1 85 76 45 1 105 46 53 1 0 0 0 0 62 32 31 1 77 40 59 1 71 33 31 1 44 61 33 1 46 29 35 1 80 66 31 1 0 0 0 0 90 47 42 1 96 58 59 1 101 32 57 1 74 39 50 1 61 40 35 1 64 30 23 1 0 0 0 0 94 67 69 1 45 27 26 1 69 42 8 1 98 68 72 1 109 83 78 1 147 76 84 1 111 113 117 1 94 92 75 1 113 78 63 1 123 97 74 1 125 126 106 1 154 101 93 1 202 142 136 1 132 79 77 1 110 78 60 1 128 142 95 1 158 123 117 1 152 125 124 1 142 148 93 1 172 150 130 1 210 144 129 1 157 153 94 1 145 118 82 1 106 93 60 1 143 123 88 1 76 65 80 1 111 84 74 1 86 55 50 1 89 55 75 1 103 73 64 1 89 39 34 1 0 0 0 0 78 60 36 1
61 46 38 1 72 66 34 1 82 25 31 1 71 53 48 1 44 12 32 1 0 0 0 0 81 56 40 1 0 0 0 0 68 24 47 1 42 33 37 1 34 36 42 1 46 18 27 1 82 49 58 1 0 0 0 0 72 65 48 1 88 55 43 1 73 47 35 1 41 29 44 1 60 59 37 1 60 40 37 1 61 30 36 1 78 16 32 1 88 51 29 1 70 47 46 1 115 44 68 1 96 64 37 1 0 0 0 0 91 48 52 1 67 20 32 1 95 51 51 1 89 63 73 1 114 70 67 1 33 7 6 1 58 0 11 1 82 64 20 1 102 100 58 1 129 103 80 1 157 99 133 1 199 161 159 1 179 154 150 1 138 116 116 1 133 97 122 1 163 103 104 1 122 129 83 1 90 50 30 1 48 26 10 1 65 54 52 1 107 60 69 1 134 77 98 1 148 116 92 1 195 186 130 1 216 180 199 1 228 180 181 1 218 188 181 1 194 180 143 1 194 175 149 1 162 126 129 1 144 108 85 1 67 32 4 1 71 24 22 1 77 32 35 1 74 49 48 1 105 42 28 1 96 61 31 1
65 57 48 1 80 24 59 1 58 62 47 1 0 0 0 0 83 45 24 1 59 47 29 1 57 49 36 1 59 57 73 1 58 37 29 1 54 34 33 1 40 19 15 1 86 29 32 1 41 44 29 1 81 23 38 1 90 32 44 1 71 40 18 1 53 64 26 1 48 35 46 1 72 43 41 1 43 49 60 1 59 40 9 1 64 60 45 1 82 33 59 1 88 38 65 1 88 73 63 1 99 74 69 1 107 62 64 1 85 61 37 1 86 62 45 1 118 72 46 1 99 70 48 1 97 87 84 1 37 37 4 1 33 28 0 1 62 32 39 1 123 106 50 1 111 110 108 1 0 0 0 0 189 166 139 1 184 145 120 1 126 103 93 1 127 84 86 1 131 109 68 1 142 109 106 1 96 60 69 1 87 5 0 1 0 0 0 0 108 59 23 1 96 95 63 1 127 113 103 1 190 150 135 1 201 162 164 1 0 0 0 0 226 170 177 1 220 187 166 1 213 207 173 1 192 141 138 1 0 0 0 0 0 0 0 0 59 27 25 1 100 53 63 1 0 0 0 0 114 68 57 1 110 59 35 1
