2
79 248 97 60
51 14 0 1 0 0 0 0 71 28 25 1 80 43 25 1 72 48 9 1 87 6 0 1 77 40 0 1 46 15 6 1 77 28 25 1 132 57 34 1 130 60 27 1 106 46 30 1 0 0 0 0 74 45 24 1 77 30 0 1 98 14 11 1 94 57 18 1 98 54 1 1 81 25 0 1 112 20 15 1 122 68 45 1 0 0 0 0 110 54 6 1 74 46 0 1 83 35 9 1 0 0 0 0 86 31 0 1 78 43 26 1 112 56 40 1 0 0 0 0 104 63 10 1 127 65 35 1 96 96 17 1 108 55 2 1 119 37 1 1 120 52 30 1 113 57 34 1 130 77 0 1 125 63 28 1 131 76 42 1 106 47 15 1 129 95 31 1 138 91 27 1 144 61 9 1 0 0 0 0 122 57 10 1 136 74 20 1 151 59 1 1 153 81 9 1 160 91 31 1 139 81 4 1 155 96 12 1 157 88 1 1 0 0 0 0 151 85 8 1 169 104 0 1 175 85 11 1 164 76 6 1 169 90 34 1 164 93 16 1
59 30 0 1 57 21 0 1 90 39 22 1 94 66 43 1 64 61 25 1 62 32 6 1 73 62 0 1 78 47 0 1 94 44 15 1 67 53 6 1 78 16 23 1 96 43 20 1 105 75 28 1 92 43 10 1 97 51 23 1 126 42 28 1 118 74 16 1 0 0 0 0 87 50 25 1 81 47 33 1 75 42 17 1 93 31 12 1 108 15 0 1 93 51 0 1 95 50 21 1 101 65 41 1 92 44 10 1 85 18 0 1 94 43 18 1 85 54 20 1 120 73 58 1 127 84 26 1 83 42 6 1 106 25 31 1 85 28 0 1 114 35 16 1 102 57 27 1 120 72 33 1 136 76 19 1 129 21 30 1 116 52 12 1 116 41 6 1 139 56 19 1 0 0 0 0 120 90 21 1 130 61 16 1 141 48 0 1 150 59 20 1 0 0 0 0 156 82 23 1 168 61 8 1 152 88 16 1 158 94 9 1 154 93 16 1 0 0 0 0 161 93 22 1 199 114 50 1 189 107 54 1 198 65 19 1 140 69 3 1
79 48 32 1 61 63 14 1 79 35 6 1 64 36 9 1 70 31 7 1 51 28 0 1 68 26 0 1 79 29 0 1 51 4 0 1 53 14 0 1 53 27 0 1 92 44 0 1 102 38 24 1 81 54 38 1 107 53 25 1 0 0 0 0 109 60 29 1 110 41 62 1 113 44 13 1 86 43 33 1 107 52 10 1 99 21 31 1 90 24 11 1 109 63 13 1 61 43 19 1 81 40 6 1 96 50 8 1 77 41 32 1 78 34 0 1 0 0 0 0 0 0 0 0 123 60 23 1 83 57 0 1 81 8 15 1 84 34 21 1 92 23 40 1 90 47 0 1 100 44 17 1 97 45 25 1 110 55 19 1 132 46 0 1 103 63 0 1 125 51 0 1 124 50 2 1 128 80 23 1 126 69 16 1 146 59 0 1 126 80 38 1 150 103 20 1 0 0 0 0 160 88 7 1 158 108 31 1 157 108 52 1 159 99 37 1 156 96 3 1 158 106 55 1 174 102 9 1 0 0 0 0 166 94 0 1 166 86 5 1
60 38 25 1 56 16 0 1 50 27 4 1 39 4 0 1 33 0 0 1 39 30 0 1 63 23 9 1 0 0 0 0 69 24 46 1 83 54 24 1 63 12 5 1 85 14 0 1 82 56 0 1 96 66 7 1 131 42 55 1 98 25 10 1 116 56 19 1 108 50 15 1 107 56 29 1 96 46 19 1 108 30 8 1 95 37 28 1 91 58 25 1 116 34 18 1 92 43 0 1 63 53 16 1 76 34 22 1 62 40 18 1 58 0 0 1 90 27 0 1 118 84 17 1 117 60 26 1 97 47 14 1 110 51 0 1 112 48 10 1 80 46 23 1 98 53 15 1 77 27 0 1 78 56 8 1 101 26 0 1 142 59 6 1 102 45 3 1 95 27 0 1 97 30 2 1 137 52 18 1 127 74 11 1 139 75 23 1 145 56 2 1 145 69 22 1 123 71 27 1 138 94 0 1 138 91 12 1 166 78 28 1 0 0 0 0 189 78 28 1 157 82 0 1 143 80 28 1 151 77 13 1 166 106 6 1 175 100 30 1
85 40 34 1 65 47 17 1 79 26 38 1 95 62 57 1 97 61 30 1 104 64 44 1 0 0 0 0 132 81 52 1 94 60 40 1 94 25 10 1 47 32 0 1 76 25 3 1 75 75 8 1 88 44 37 1 0 0 0 0 119 53 33 1 68 14 24 1 79 51 5 1 83 53 8 1 84 50 0 1 63 44 0 1 85 31 0 1 82 22 19 1 69 57 5 1 92 35 13 1 58 30 15 1 66 0 0 1 74 0 16 1 60 35 0 1 93 32 0 1 143 72 29 1 111 42 0 1 95 6 13 1 107 43 4 1 108 62 12 1 80 8 8 1 90 36 5 1 67 61 0 1 92 40 0 1 127 65 33 1 144 56 25 1 151 84 15 1 0 0 0 0 135 77 12 1 128 76 31 1 121 36 20 1 148 80 12 1 157 63 0 1 133 41 27 1 126 56 4 1 132 65 0 1 130 29 0 1 135 56 0 1 130 59 0 1 134 48 30 1 184 77 45 1 152 113 33 1 175 102 50 1 140 90 24 1 154 97 34 1
69 22 5 1 82 16 36 1 0 0 0 0 57 31 0 1 81 0 20 1 71 32 26 1 69 36 4 1 81 23 14 1 63 35 15 1 53 14 0 1 69 28 21 1 91 60 22 1 106 85 31 1 108 65 17 1 0 0 0 0 76 46 0 1 88 35 8 1 100 57 11 1 92 51 12 1 67 28 24 1 59 36 0 1 97 24 33 1 88 32 1 1 97 38 14 1 67 48 27 1 90 7 0 1 57 16 19 1 36 20 7 1 34 0 9 1 79 16 33 1 118 64 34 1 0 0 0 0 105 17 7 1 131 67 3 1 109 62 23 1 113 60 33 1 108 51 43 1 117 92 71 1 146 113 77 1 163 104 72 1 0 0 0 0 0 0 0 0 140 57 15 1 126 80 24 1 144 88 12 1 130 58 18 1 143 71 18 1 131 73 35 1 132 38 0 1 124 50 8 1 146 42 6 1 0 0 0 0 138 65 8 1 166 69 20 1 161 100 17 1 0 0 0 0 131 55 18 1 110 85 0 1 136 82 0 1 117 39 10 1
72 29 35 1 0 0 0 0 70 23 7 1 63 28 15 1 50 22 12 1 0 0 0 0 53 25 0 1 33 13 0 1 81 36 30 1 58 9 1 1 104 52 11 1 92 50 47 1 126 79 51 1 118 47 17 1 86 32 54 1 94 20 14 1 75 54 11 1 89 56 17 1 98 36 4 1 69 0 16 1 0 0 0 0 79 34 8 1 105 26 0 1 90 43 10 1 74 61 2 1 72 23 0 1 52 32 0 1 47 14 9 1 56 8 3 1 118 49 21 1 99 62 14 1 115 67 21 1 146 72 14 1 146 70 15 1 89 65 4 1 0 0 0 0 55 33 0 1 82 12 0 1 78 20 0 1 93 66 7 1 147 74 37 1 163 88 35 1 139 58 9 1 129 63 18 1 113 46 4 1 116 49 4 1 138 83 0 1 157 85 22 1 159 72 11 1 0 0 0 0 138 65 16 1 141 81 7 1 136 55 48 1 131 81 15 1 134 56 2 1 150 76 34 1 160 85 24 1 144 69 26 1 157 65 13 1 142 71 0 1
42 30 0 1 72 48 13 1 91 44 0 1 72 33 15 1 0 0 0 0 0 0 0 0 60 51 15 1 69 49 49 1 103 26 0 1 78 57 0 1 83 46 17 1 80 37 15 1 104 49 19 1 93 30 8 1 74 41 16 1 81 45 0 1 114 40 19 1 83 36 24 1 67 25 0 1 78 8 0 1 82 25 0 1 64 17 10 1 89 36 0 1 87 50 6 1 86 38 2 1 73 38 25 1 45 22 0 1 36 25 7 1 100 61 41 1 111 89 31 1 93 54 2 1 75 30 0 1 87 27 0 1 102 75 15 1 85 36 0 1 83 0 0 1 92 31 11 1 71 32 4 1 80 32 5 1 84 20 0 1 136 65 14 1 0 0 0 0 138 87 29 1 156 85 36 1 120 70 29 1 131 65 22 1 155 59 22 1 148 88 15 1 147 86 17 1 136 79 6 1 126 56 0 1 128 62 0 1 132 70 0 1 144 82 0 1 144 92 0 1 113 40 6 1 150 50 2 1 0 0 0 0 139 85 17 1 129 79 13 1
35 0 33 1 68 7 4 1 83 17 33 1 64 49 18 1 82 49 40 1 65 62 11 1 79 61 23 1 53 31 9 1 63 14 0 1 109 75 18 1 93 47 37 1 105 63 6 1 103 63 47 1 123 56 19 1 70 44 15 1 74 55 5 1 87 28 16 1 74 38 31 1 0 0 0 0 54 22 0 1 68 39 7 1 75 40 4 1 93 36 0 1 82 46 2 1 42 0 1 1 71 25 22 1 81 21 21 1 54 35 0 1 87 77 32 1 45 76 13 1 0 0 0 0 0 0 0 0 65 18 0 1 116 47 1 1 114 68 14 1 73 46 0 1 0 0 0 0 0 0 0 0 81 4 10 1 105 43 23 1 94 58 0 1 146 68 22 1 142 66 68 1 143 73 13 1 0 0 0 0 132 63 0 1 112 59 41 1 144 61 1 1 0 0 0 0 134 42 23 1 117 32 12 1 118 41 0 1 155 51 17 1 149 67 7 1 121 66 0 1 131 81 0 1 124 83 0 1 130 97 29 1 153 95 28 1 146 62 13 1
32 40 0 1 58 31 18 1 64 24 5 1 51 32 38 1 64 46 12 1 57 49 24 1 92 33 19 1 97 81 40 1 91 57 34 1 71 31 5 1 0 0 0 0 93 58 41 1 68 62 28 1 65 20 0 1 62 43 26 1 94 44 22 1 62 48 12 1 0 0 0 0 70 24 14 1 80 15 11 1 64 42 10 1 61 24 1 1 54 60 0 1 101 28 5 1 103 93 38 1 82 46 9 1 68 47 14 1 79 75 53 1 101 50 17 1 28 38 12 1 55 4 0 1 32 0 0 1 96 57 5 1 71 46 29 1 66 37 34 1 105 50 0 1 125 37 50 1 117 57 37 1 111 41 8 1 86 39 0 1 137 65 21 1 143 29 0 1 110 10 0 1 99 46 0 1 98 70 15 1 105 50 0 1 0 0 0 0 128 52 12 1 0 0 0 0 158 64 0 1 145 71 5 1 143 93 27 1 159 93 23 1 149 87 41 1 163 82 17 1 119 89 21 1 113 90 4 1 114 50 2 1 132 74 9 1 131 83 30 1
38 28 1 1 27 25 0 1 20 35 0 1 69 40 3 1 55 22 25 1 0 0 0 0 69 34 18 1 58 35 45 1 0 0 0 0 77 35 0 1 74 49 8 1 98 68 51 1 0 0 0 0 84 34 3 1 90 64 26 1 107 81 39 1 86 28 15 1 62 25 15 1 74 13 12 1 0 0 0 0 76 24 25 1 77 32 0 1 86 47 34 1 128 44 56 1 74 10 0 1 72 29 1 1 94 52 31 1 67 56 24 1 30 14 6 1 36 18 0 1 39 1 4 1 0 0 0 0 129 78 41 1 82 42 0 1 42 6 0 1 68 36 0 1 0 0 0 0 127 77 53 1 0 0 0 0 95 39 7 1 125 46 12 1 118 34 12 1 112 55 6 1 119 45 10 1 122 43 0 1 102 52 0 1 133 59 2 1 154 70 26 1 148 72 3 1 129 76 33 1 133 64 0 1 123 77 2 1 152 84 1 1 132 66 20 1 125 98 16 1 153 86 4 1 134 91 24 1 138 66 11 1 128 68 14 1 157 108 32 1
50 13 17 1 64 40 0 1 71 24 3 1 75 11 23 1 46 28 20 1 59 30 0 1 77 29 24 1 56 62 3 1 92 35 39 1 79 51 20 1 87 40 53 1 91 69 38 1 70 41 26 1 99 64 51 1 0 0 0 0 106 62 22 1 58 53 0 1 65 22 21 1 0 0 0 0 41 20 39 1 54 40 22 1 0 0 0 0 87 76 1 1 75 34 17 1 64 33 10 1 64 28 25 1 90 83 50 1 62 47 0 1 32 0 0 1 25 18 23 1 47 44 17 1 55 25 0 1 70 86 50 1 64 24 0 1 17 0 0 1 48 0 5 1 64 7 0 1 88 35 6 1 131 73 11 1 138 59 17 1 126 55 0 1 91 45 0 1 106 47 4 1 115 41 30 1 125 69 8 1 94 47 11 1 134 52 13 1 130 78 24 1 120 62 19 1 127 65 6 1 133 54 0 1 101 46 0 1 122 71 7 1 136 70 1 1 118 63 8 1 127 72 5 1 0 0 0 0 110 61 10 1 113 73 4 1 123 79 11 1
40 34 6 1 49 20 0 1 72 14 15 1 0 0 0 0 66 49 6 1 54 42 8 1 0 0 0 0 73 34 2 1 90 25 3 1 75 31 19 1 101 47 40 1 0 0 0 0 72 30 0 1 87 29 11 1 89 51 34 1 57 21 0 1 51 30 0 1 67 38 46 1 95 27 34 1 69 30 30 1 86 40 20 1 73 30 47 1 61 42 42 1 31 12 7 1 83 48 37 1 0 0 0 0 82 41 50 1 30 21 0 1 25 11 5 1 22 0 2 1 41 4 0 1 0 0 0 0 68 41 45 1 49 24 7 1 63 1 0 1 16 0 0 1 26 8 22 1 66 15 17 1 133 49 0 1 129 58 23 1 154 92 37 1 107 65 15 1 121 71 12 1 130 63 45 1 151 45 0 1 123 60 18 1 140 55 0 1 118 59 31 1 130 41 25 1 109 49 28 1 104 33 0 1 129 66 3 1 143 61 8 1 131 66 43 1 138 61 23 1 135 68 10 1 119 40 11 1 119 43 10 1 136 36 12 1 121 85 14 1
54 48 49 1 71 63 46 1 77 56 41 1 72 49 30 1 69 61 10 1 72 51 11 1 78 51 27 1 94 27 3 1 66 20 27 1 97 80 42 1 100 76 30 1 97 70 52 1 92 49 0 1 0 0 0 0 85 34 17 1 63 44 15 1 91 45 40 1 57 9 26 1 75 10 27 1 68 26 28 1 61 47 18 1 55 24 14 1 61 10 0 1 42 25 0 1 95 70 28 1 44 11 16 1 35 23 23 1 10 6 5 1 20 12 10 1 27 4 0 1 54 20 4 1 79 61 43 1 60 42 34 1 68 22 53 1 56 32 0 1 53 1 0 1 52 0 0 1 74 9 15 1 105 69 18 1 105 65 6 1 107 71 50 1 130 81 33 1 128 65 9 1 121 68 11 1 121 84 18 1 134 76 48 1 101 46 27 1 111 43 6 1 112 33 0 1 118 16 0 1 107 61 0 1 134 48 15 1 154 82 10 1 118 53 18 1 127 51 7 1 149 81 0 1 134 71 3 1 133 71 22 1 137 59 20 1 127 72 11 1
53 30 5 1 67 50 22 1 92 29 32 1 0 0 0 0 72 30 27 1 72 52 27 1 86 64 8 1 96 36 42 1 112 87 19 1 131 61 56 1 105 54 20 1 88 50 21 1 79 53 11 1 96 61 6 1 96 41 9 1 95 58 25 1 0 0 0 0 67 50 17 1 79 15 6 1 67 39 44 1 76 40 5 1 49 28 3 1 70 40 23 1 102 75 39 1 68 24 22 1 8 21 0 1 0 0 19 1 21 0 8 1 36 14 0 1 40 0 14 1 24 1 0 1 70 44 30 1 56 30 20 1 0 0 0 0 20 0 0 1 43 0 0 1 71 31 20 1 53 29 19 1 124 37 6 1 86 11 0 1 89 47 8 1 95 51 0 1 0 0 0 0 111 82 15 1 121 47 15 1 0 0 0 0 125 35 0 1 107 46 0 1 95 43 13 1 130 51 18 1 138 58 0 1 134 76 21 1 147 83 22 1 117 64 24 1 136 59 0 1 123 63 16 1 150 75 42 1 121 61 6 1 148 55 16 1 128 74 18 1
35 9 2 1 50 18 0 1 55 45 1 1 81 54 10 1 85 45 13 1 94 72 21 1 104 32 10 1 76 63 31 1 91 70 39 1 78 40 5 1 64 45 0 1 87 51 18 1 96 42 41 1 87 59 20 1 84 43 9 1 68 51 19 1 72 0 0 1 49 33 9 1 68 27 24 1 40 17 26 1 74 19 0 1 78 38 34 1 0 0 0 0 85 30 40 1 34 23 0 1 11 0 9 1 0 0 0 1 12 3 2 1 13 14 10 1 16 4 0 1 48 16 22 1 66 23 4 1 33 0 18 1 0 0 0 0 57 13 8 1 47 27 6 1 67 42 25 1 0 0 0 0 68 32 17 1 62 0 2 1 96 24 3 1 111 55 28 1 160 70 39 1 135 75 17 1 102 66 20 1 136 61 15 1 0 0 0 0 147 77 24 1 136 72 45 1 141 54 7 1 132 46 40 1 155 78 23 1 145 60 12 1 113 74 4 1 141 68 0 1 124 64 19 1 164 74 0 1 169 91 21 1 150 94 31 1 145 85 16 1
93 38 19 1 86 63 6 1 91 72 18 1 89 58 44 1 77 50 8 1 80 39 0 1 78 50 15 1 91 30 24 1 100 72 66 1 84 8 5 1 65 32 32 1 111 57 0 1 86 58 14 1 52 10 2 1 62 30 0 1 0 0 0 0 71 17 7 1 39 15 0 1 34 0 0 1 57 31 12 1 57 30 15 1 75 22 18 1 60 33 14 1 11 0 0 1 17 0 1 1 0 0 0 0 26 0 21 1 9 16 18 1 0 16 0 1 19 18 37 1 45 22 3 1 60 52 11 1 49 15 0 1 31 25 0 1 63 19 15 1 58 55 24 1 92 38 43 1 0 0 0 0 63 9 0 1 64 14 2 1 75 20 0 1 110 71 5 1 137 79 50 1 133 62 0 1 90 25 0 1 94 46 10 1 89 19 15 1 115 29 0 1 132 51 2 1 114 79 15 1 109 56 3 1 143 60 22 1 110 44 31 1 116 54 0 1 121 42 18 1 123 48 15 1 118 33 0 1 132 109 3 1 115 70 29 1 105 48 14 1
76 45 48 1 128 75 78 1 107 52 18 1 87 57 20 1 85 48 12 1 97 50 34 1 66 75 9 1 0 0 0 0 84 41 53 1 72 28 25 1 75 58 25 1 56 38 8 1 52 21 33 1 46 38 13 1 18 18 1 1 31 14 11 1 36 11 9 1 10 9 33 1 0 0 0 0 0 0 0 0 36 0 16 1 36 0 0 1 31 5 5 1 16 0 0 1 27 0 0 1 36 8 0 1 6 1 24 1 35 10 23 1 21 7 1 1 0 2 8 1 29 16 0 1 71 18 22 1 77 10 0 1 59 0 0 1 72 51 13 1 84 54 20 1 57 27 13 1 49 1 0 1 43 0 0 1 60 13 0 1 67 16 3 1 135 54 38 1 125 83 52 1 91 37 24 1 83 3 10 1 94 24 2 1 0 0 0 0 127 59 20 1 138 54 18 1 139 36 28 1 127 64 0 1 126 89 15 1 115 63 0 1 119 50 20 1 96 65 3 1 105 86 32 1 0 0 0 0 127 64 5 1 0 0 0 0 0 0 0 0
111 40 18 1 103 78 48 1 0 0 0 0 64 29 23 1 83 33 24 1 75 62 27 1 83 46 16 1 0 0 0 0 55 3 14 1 49 33 18 1 54 30 0 1 44 23 11 1 54 20 6 1 23 6 0 1 19 0 0 1 0 0 0 0 24 23 7 1 0 0 0 0 41 34 8 1 48 24 0 1 15 23 21 1 25 1 9 1 10 8 11 1 47 14 16 1 13 7 13 1 14 0 9 1 39 3 7 1 12 1 24 1 17 0 24 1 15 0 0 1 47 12 0 1 46 34 8 1 56 34 13 1 46 9 1 1 0 0 0 0 59 70 32 1 71 32 3 1 46 16 0 1 0 0 0 0 83 13 7 1 77 31 0 1 120 40 24 1 131 47 53 1 82 10 1 1 96 30 0 1 92 35 11 1 123 50 0 1 106 32 19 1 101 80 13 1 91 73 0 1 124 52 6 1 0 0 0 0 141 74 12 1 149 83 19 1 0 0 0 0 135 78 25 1 124 45 0 1 116 31 2 1 0 0 0 0 104 55 1 1
105 66 25 1 0 0 0 0 76 33 32 1 60 27 0 1 0 0 0 0 62 26 0 1 47 27 0 1 40 27 20 1 46 21 0 1 0 0 0 0 19 8 0 1 14 3 26 1 20 0 0 1 13 0 0 1 9 0 12 1 25 24 14 1 37 17 27 1 23 0 25 1 6 27 0 1 0 14 14 1 16 0 0 1 0 0 0 1 20 5 2 1 40 13 19 1 28 17 29 1 35 21 5 1 14 0 1 1 10 1 18 1 27 3 19 1 26 0 2 1 16 18 0 1 40 31 9 1 0 0 0 0 61 69 35 1 69 39 41 1 56 24 17 1 77 22 0 1 48 0 13 1 62 33 0 1 66 51 22 1 0 0 0 0 124 41 48 1 98 24 17 1 65 25 10 1 69 32 15 1 92 33 21 1 101 32 25 1 114 73 32 1 113 61 2 1 119 67 13 1 148 66 43 1 152 93 18 1 151 98 48 1 164 73 39 1 135 67 7 1 126 76 1 1 104 46 0 1 100 68 0 1 0 0 0 0 137 51 0 1
0 0 0 0 98 66 19 1 73 39 27 1 100 24 19 1 67 55 14 1 48 48 9 1 53 23 0 1 0 0 0 0 33 0 5 1 23 0 1 1 22 0 0 1 38 15 0 1 0 0 6 1 16 0 9 1 28 23 6 1 7 0 1 1 16 18 27 1 38 17 5 1 7 2 12 1 0 0 0 0 11 0 0 1 15 0 3 1 32 17 23 1 42 0 6 1 60 22 0 1 9 14 0 1 18 0 20 1 34 8 35 1 21 19 0 1 37 6 14 1 44 0 4 1 47 24 24 1 76 54 18 1 77 57 15 1 69 41 21 1 64 17 0 1 35 17 0 1 0 0 0 0 39 0 11 1 0 0 0 0 99 38 21 1 96 61 21 1 93 27 18 1 0 0 0 0 84 3 0 1 88 45 17 1 97 63 23 1 130 70 37 1 128 54 0 1 0 0 0 0 158 74 13 1 149 91 19 1 143 78 26 1 132 77 25 1 133 25 17 1 105 54 18 1 99 48 0 1 110 48 4 1 139 58 20 1 146 68 50 1
80 54 36 1 98 48 36 1 84 74 43 1 86 40 32 1 77 35 0 1 78 38 33 1 71 47 14 1 44 27 0 1 23 6 17 1 0 0 0 0 0 0 0 0 0 26 5 1 0 23 0 1 0 0 0 0 2 17 16 1 13 14 2 1 34 33 0 1 6 0 11 1 0 1 0 1 0 19 16 1 22 0 9 1 15 32 11 1 20 0 0 1 14 8 6 1 43 28 12 1 13 1 2 1 6 27 20 1 33 18 12 1 22 0 31 1 6 3 5 1 0 0 0 0 38 22 13 1 71 9 10 1 61 26 32 1 50 41 18 1 23 22 20 1 20 24 0 1 29 13 20 1 33 4 0 1 56 0 0 1 0 0 0 0 92 45 19 1 74 23 20 1 71 17 0 1 64 11 7 1 92 29 14 1 0 0 0 0 144 51 28 1 104 56 5 1 113 76 46 1 153 76 0 1 149 86 2 1 134 54 10 1 131 65 0 1 146 49 8 1 127 57 0 1 95 46 0 1 0 0 0 0 144 60 3 1 129 67 28 1
103 68 50 1 115 56 58 1 0 0 0 0 77 47 28 1 85 30 10 1 69 70 14 1 68 37 18 1 63 2 0 1 0 0 0 0 0 0 0 0 0 0 7 1 20 0 0 1 8 0 15 1 0 5 4 1 27 0 9 1 0 0 0 0 1 26 19 1 1 0 23 1 0 0 24 1 16 8 0 1 0 0 19 1 13 5 1 1 23 24 0 1 0 8 0 1 53 38 25 1 32 7 12 1 22 30 6 1 14 5 9 1 32 14 0 1 40 20 24 1 68 40 10 1 86 32 14 1 46 20 0 1 24 1 0 1 0 0 0 0 25 31 0 1 36 21 8 1 40 21 0 1 45 0 7 1 37 4 7 1 0 0 0 0 81 23 7 1 64 36 0 1 51 25 0 1 84 11 0 1 74 40 0 1 113 25 0 1 129 56 27 1 124 66 22 1 133 54 0 1 120 56 17 1 95 33 0 1 128 47 10 1 133 54 0 1 121 64 0 1 147 73 13 1 141 75 38 1 130 56 15 1 147 69 28 1 136 91 25 1
111 77 22 1 121 72 38 1 114 83 16 1 101 68 43 1 74 53 23 1 67 72 1 1 91 51 28 1 71 40 41 1 22 21 0 1 24 2 0 1 5 0 0 1 0 0 0 1 27 10 0 1 0 0 0 0 0 0 1 1 20 10 19 1 15 11 6 1 18 7 0 1 8 0 1 1 0 20 0 1 29 4 1 1 0 0 1 1 0 0 0 1 4 11 4 1 63 45 49 1 37 18 23 1 8 0 0 1 30 7 0 1 0 0 0 0 20 22 19 1 52 8 17 1 0 0 0 0 32 14 9 1 53 19 7 1 43 13 9 1 57 44 13 1 38 24 0 1 45 31 9 1 37 7 0 1 60 11 31 1 108 41 21 1 75 33 8 1 0 0 0 0 65 34 0 1 72 11 2 1 57 11 0 1 98 49 6 1 139 32 32 1 146 85 53 1 103 48 5 1 113 43 0 1 119 52 0 1 89 42 22 1 119 57 18 1 152 79 27 1 148 77 20 1 149 92 24 1 151 79 26 1 158 79 25 1 136 49 25 1
88 52 38 1 86 77 29 1 97 58 49 1 111 77 34 1 94 75 33 1 107 55 17 1 67 86 25 1 0 0 0 0 0 0 0 0 0 0 0 0 0 0 12 1 0 0 0 0 31 22 0 1 11 0 6 1 14 5 0 1 0 0 0 0 22 4 22 1 6 15 4 1 0 0 0 1 0 0 0 0 0 0 0 0 0 6 5 1 0 0 0 1 30 3 9 1 91 39 29 1 35 12 4 1 22 3 0 1 19 0 0 1 32 48 0 1 16 18 18 1 39 49 14 1 30 12 0 1 57 0 0 1 34 11 10 1 66 11 23 1 15 16 8 1 35 34 17 1 28 35 18 1 36 6 3 1 64 24 26 1 0 0 0 0 90 45 0 1 77 32 4 1 91 35 0 1 88 47 0 1 95 25 3 1 116 51 19 1 121 45 23 1 155 74 26 1 134 38 7 1 152 52 0 1 144 94 22 1 139 64 0 1 0 0 0 0 187 77 41 1 161 80 45 1 172 69 26 1 149 67 0 1 129 64 16 1 126 78 23 1
97 51 50 1 0 0 0 0 105 44 30 1 102 61 58 1 116 57 55 1 80 36 57 1 92 57 45 1 99 54 5 1 80 40 45 1 52 26 18 1 42 4 2 1 13 30 9 1 9 0 0 1 16 0 11 1 12 0 0 1 0 15 0 1 11 19 9 1 9 6 13 1 0 0 0 0 4 0 8 1 0 0 0 1 6 15 13 1 24 2 9 1 48 14 25 1 29 6 0 1 49 0 0 1 13 0 0 1 29 23 0 1 21 0 0 1 21 37 24 1 29 21 1 1 52 21 26 1 33 19 36 1 33 43 8 1 30 21 24 1 3 0 16 1 24 18 1 1 38 19 0 1 39 16 0 1 57 43 19 1 106 75 35 1 67 46 0 1 83 41 0 1 107 60 0 1 97 8 13 1 83 64 20 1 108 52 26 1 118 74 11 1 143 63 7 1 124 42 0 1 127 75 18 1 111 50 0 1 120 47 4 1 153 84 17 1 187 86 55 1 160 125 26 1 121 110 5 1 154 74 18 1 142 47 31 1 143 55 9 1
104 68 36 1 0 0 0 0 108 75 50 1 81 40 33 1 80 39 10 1 81 52 38 1 109 63 35 1 101 68 40 1 93 63 41 1 60 56 43 1 44 38 19 1 42 24 0 1 0 6 25 1 17 14 0 1 35 0 0 1 17 2 34 1 0 13 24 1 13 3 0 1 0 0 0 0 37 4 6 1 21 25 7 1 5 0 22 1 32 16 0 1 22 11 0 1 30 0 13 1 28 1 0 1 0 0 0 0 17 8 0 1 2 11 0 1 31 9 7 1 42 0 4 1 25 0 0 1 57 14 0 1 40 45 0 1 18 0 5 1 2 4 1 1 28 0 8 1 44 0 0 1 46 34 0 1 67 35 33 1 118 94 33 1 77 11 20 1 64 30 10 1 57 26 0 1 73 25 2 1 81 36 5 1 94 44 11 1 107 19 9 1 124 34 0 1 120 60 25 1 155 78 17 1 133 60 14 1 128 34 0 1 154 56 6 1 0 0 0 0 136 48 29 1 132 100 47 1 142 71 20 1 134 70 14 1 142 69 0 1
79 56 5 1 89 33 20 1 108 72 39 1 97 66 28 1 108 75 31 1 102 57 28 1 82 60 29 1 113 63 20 1 0 0 0 0 76 39 2 1 69 17 19 1 74 44 16 1 49 12 20 1 48 31 0 1 51 0 8 1 29 0 0 1 25 9 0 1 28 2 14 1 13 3 20 1 0 0 0 0 0 0 0 0 6 0 8 1 7 0 3 1 17 0 0 1 26 0 18 1 25 15 1 1 0 1 0 1 19 3 21 1 12 0 0 1 38 21 4 1 20 0 17 1 11 0 0 1 22 19 12 1 42 2 16 1 22 12 11 1 40 8 35 1 26 0 0 1 0 0 0 0 60 2 0 1 99 40 47 1 109 91 53 1 85 32 24 1 90 36 0 1 109 65 18 1 75 50 21 1 97 14 10 1 81 46 4 1 99 42 1 1 101 35 0 1 144 78 2 1 156 63 26 1 146 65 29 1 133 64 20 1 146 102 32 1 110 78 21 1 102 17 0 1 145 82 37 1 143 63 10 1 141 54 5 1 126 37 13 1
141 101 62 1 0 0 0 0 0 0 0 0 120 77 33 1 89 61 64 1 80 46 26 1 82 30 14 1 71 42 32 1 97 19 39 1 100 63 14 1 95 65 54 1 54 55 28 1 72 35 23 1 47 37 0 1 38 9 16 1 31 0 14 1 16 0 27 1 18 0 0 1 0 2 21 1 0 11 1 1 0 18 0 1 32 0 0 1 0 0 11 1 11 8 5 1 44 14 1 1 36 8 0 1 33 14 23 1 25 0 0 1 8 16 4 1 1 9 10 1 38 7 7 1 0 0 0 0 40 0 14 1 20 0 0 1 31 1 10 1 31 0 11 1 43 21 16 1 78 30 1 1 96 2 0 1 90 60 41 1 90 40 13 1 71 37 6 1 54 27 0 1 100 54 0 1 97 1 0 1 91 26 18 1 115 43 26 1 88 52 5 1 74 41 0 1 132 69 0 1 146 91 20 1 133 78 13 1 133 91 21 1 160 56 25 1 113 48 8 1 102 62 4 1 111 31 6 1 130 39 0 1 114 33 0 1 126 72 2 1
143 109 48 1 104 74 40 1 91 81 44 1 138 102 35 1 119 97 48 1 139 74 42 1 88 76 16 1 107 77 34 1 97 54 24 1 104 52 36 1 116 57 28 1 97 61 6 1 83 41 21 1 59 35 0 1 22 24 0 1 29 0 0 1 0 0 0 0 0 0 0 0 0 2 6 1 11 0 3 1 10 0 6 1 0 12 0 1 17 38 5 1 36 16 7 1 64 36 36 1 93 52 66 1 76 52 62 1 71 71 50 1 71 54 35 1 0 0 0 0 50 41 14 1 0 0 0 0 19 0 0 1 0 0 0 1 29 11 23 1 7 0 13 1 50 23 0 1 74 43 0 1 95 26 0 1 149 86 55 1 105 60 22 1 49 17 0 1 69 29 14 1 108 54 3 1 126 18 13 1 125 43 0 1 122 41 0 1 73 24 12 1 121 51 1 1 135 71 15 1 118 47 0 1 82 52 1 1 119 55 22 1 118 56 25 1 122 74 7 1 114 35 13 1 122 34 4 1 101 40 0 1 148 56 7 1 130 82 51 1
75 64 24 1 110 38 30 1 129 93 28 1 136 104 97 1 0 0 0 0 64 34 16 1 0 0 0 0 79 72 18 1 0 0 0 0 0 0 0 0 122 58 40 1 80 30 3 1 79 73 59 1 78 54 43 1 47 55 26 1 0 0 0 0 21 24 0 1 26 38 0 1 32 1 19 1 17 14 3 1 49 6 0 1 21 38 0 1 37 23 29 1 27 17 28 1 30 0 0 1 43 19 0 1 30 12 0 1 13 0 7 1 31 10 19 1 22 23 0 1 27 6 9 1 38 21 3 1 39 6 24 1 47 9 16 1 0 0 0 0 56 11 12 1 53 11 0 1 58 73 39 1 127 68 28 1 117 85 36 1 127 54 22 1 98 46 24 1 102 51 0 1 101 47 16 1 0 0 0 0 123 51 19 1 90 46 18 1 100 58 3 1 128 45 5 1 114 75 10 1 122 35 0 1 110 36 0 1 111 55 11 1 142 63 0 1 127 80 14 1 129 66 0 1 109 61 0 1 117 38 4 1 161 79 4 1 131 67 40 1
137 83 54 1 118 82 52 1 0 0 0 0 0 0 0 0 92 96 43 1 106 43 3 1 102 52 30 1 114 62 46 1 95 73 4 1 0 0 0 0 93 50 18 1 0 0 0 0 0 0 0 0 67 54 15 1 52 29 12 1 58 21 9 1 30 17 0 1 19 12 25 1 0 0 0 0 27 22 5 1 45 13 0 1 19 10 0 1 0 0 35 1 0 16 0 1 0 0 0 1 11 22 0 1 16 0 0 1 21 0 0 1 21 0 0 1 23 24 14 1 46 11 4 1 50 35 40 1 89 29 42 1 43 45 36 1 11 2 2 1 20 9 0 1 23 30 0 1 78 41 13 1 145 80 61 1 113 62 23 1 99 44 7 1 101 51 14 1 117 58 11 1 97 32 3 1 93 68 19 1 94 72 0 1 99 54 0 1 105 42 0 1 119 51 35 1 135 59 4 1 101 65 0 1 91 68 0 1 140 39 14 1 149 69 16 1 154 75 18 1 0 0 0 0 97 40 0 1 110 47 22 1 134 77 28 1 124 41 9 1
124 73 63 1 97 42 30 1 81 43 12 1 89 42 14 1 104 82 28 1 115 63 31 1 121 80 31 1 98 58 28 1 92 67 39 1 120 87 0 1 112 61 30 1 97 40 8 1 83 63 26 1 97 79 24 1 46 25 31 1 39 0 2 1 22 11 0 1 13 11 8 1 22 0 18 1 8 5 21 1 0 21 0 1 33 0 0 1 28 0 0 1 7 7 2 1 31 0 0 1 32 6 0 1 42 15 14 1 41 7 0 1 20 20 0 1 0 0 5 1 8 0 0 1 7 2 0 1 86 62 49 1 35 39 3 1 0 0 0 0 14 26 0 1 0 0 0 0 65 61 38 1 153 99 50 1 0 0 0 0 98 30 0 1 100 73 32 1 111 64 21 1 126 58 26 1 119 60 26 1 98 27 11 1 90 35 0 1 0 0 0 0 117 60 5 1 112 46 1 1 123 62 0 1 107 36 0 1 114 62 0 1 150 62 18 1 122 78 25 1 101 53 0 1 90 30 13 1 136 30 24 1 135 54 39 1 122 80 26 1
121 74 31 1 119 92 38 1 133 81 33 1 129 70 64 1 116 70 47 1 90 63 47 1 102 66 61 1 102 66 73 1 88 81 39 1 108 48 35 1 76 49 25 1 97 39 24 1 72 50 19 1 84 39 18 1 73 30 19 1 79 59 33 1 0 0 0 0 69 7 0 1 1 1 0 1 30 24 0 1 0 0 27 1 35 0 17 1 18 17 0 1 12 0 0 1 13 35 0 1 30 21 0 1 16 0 0 1 30 16 0 1 25 13 0 1 0 34 7 1 0 0 0 1 0 4 0 1 35 25 22 1 58 35 46 1 79 23 7 1 23 0 0 1 80 29 0 1 143 99 60 1 150 75 37 1 92 37 2 1 121 76 20 1 103 62 29 1 122 83 3 1 130 54 34 1 0 0 0 0 84 47 5 1 83 13 0 1 89 48 0 1 105 76 0 1 0 0 0 0 67 21 0 1 94 26 0 1 0 0 0 0 117 35 25 1 78 57 1 1 129 38 0 1 107 50 12 1 152 55 30 1 121 36 35 1 81 64 12 1
0 0 0 0 131 83 20 1 110 61 27 1 93 70 16 1 119 62 43 1 88 76 38 1 98 33 45 1 98 40 32 1 106 41 29 1 83 61 21 1 61 63 43 1 87 47 2 1 0 0 0 0 93 54 24 1 84 45 36 1 79 52 34 1 0 0 0 0 51 26 6 1 11 17 0 1 0 5 14 1 0 18 9 1 4 0 14 1 9 0 12 1 4 0 13 1 1 20 0 1 0 0 2 1 15 23 9 1 40 0 6 1 33 11 3 1 5 5 8 1 11 13 36 1 4 19 4 1 0 0 0 0 73 36 44 1 0 0 0 0 54 28 9 1 125 54 24 1 0 0 0 0 104 53 14 1 111 41 0 1 148 85 37 1 110 74 15 1 123 74 25 1 77 58 1 1 89 48 13 1 77 15 0 1 64 44 0 1 80 64 0 1 81 24 0 1 96 22 0 1 86 33 13 1 108 65 48 1 141 64 41 1 98 60 7 1 85 9 0 1 100 22 7 1 121 65 16 1 117 51 0 1 98 30 0 1 101 29 0 1
126 78 43 1 118 91 10 1 93 69 17 1 106 65 0 1 99 55 30 1 102 60 39 1 104 46 28 1 88 69 18 1 123 51 26 1 120 59 7 1 108 54 21 1 0 0 0 0 0 0 0 0 82 69 17 1 106 45 32 1 91 54 30 1 86 33 30 1 0 0 0 0 32 7 0 1 0 0 0 0 14 8 0 1 24 6 0 1 21 11 25 1 15 0 4 1 0 0 0 0 23 0 16 1 1 9 3 1 0 0 0 0 41 0 0 1 34 4 26 1 7 0 0 1 39 27 9 1 3 0 0 1 36 0 0 1 93 19 0 1 109 33 42 1 110 87 41 1 99 61 31 1 133 53 24 1 139 76 19 1 130 75 9 1 123 61 11 1 102 63 48 1 90 20 18 1 78 33 12 1 98 37 15 1 0 0 0 0 92 21 20 1 61 52 0 1 0 0 0 0 0 0 0 0 107 70 31 1 107 29 11 1 76 31 13 1 133 38 23 1 131 63 0 1 144 88 36 1 114 56 9 1 122 53 5 1 115 73 10 1
118 65 19 1 74 77 3 1 107 35 15 1 104 56 18 1 109 68 47 1 129 55 24 1 116 51 36 1 93 75 59 1 104 25 3 1 92 7 11 1 82 66 35 1 83 47 27 1 72 56 25 1 87 40 12 1 0 0 0 0 0 0 0 0 100 39 66 1 63 27 0 1 39 0 19 1 4 24 0 1 9 0 0 1 0 0 0 1 2 0 15 1 13 35 16 1 17 3 0 1 27 2 0 1 10 4 0 1 11 30 4 1 40 20 5 1 13 0 4 1 22 11 0 1 8 12 3 1 0 0 0 0 41 8 0 1 74 60 12 1 112 34 36 1 0 0 0 0 110 63 0 1 133 39 0 1 130 88 27 1 134 86 29 1 132 56 0 1 0 0 0 0 108 22 0 1 69 50 0 1 109 57 32 1 0 0 0 0 62 27 0 1 93 36 1 1 96 52 23 1 99 62 20 1 112 44 2 1 112 49 11 1 84 25 33 1 0 0 0 0 139 81 30 1 152 82 43 1 141 78 33 1 105 70 26 1 134 36 3 1
105 28 2 1 99 66 24 1 105 42 25 1 71 67 27 1 90 39 17 1 79 34 12 1 94 49 19 1 82 44 46 1 0 0 0 0 91 69 0 1 77 50 26 1 87 61 12 1 79 74 8 1 86 36 9 1 80 40 11 1 98 74 23 1 116 62 33 1 85 43 36 1 16 37 11 1 44 1 3 1 0 0 0 0 18 3 0 1 0 0 0 0 6 2 0 1 23 19 0 1 29 0 8 1 39 0 0 1 20 18 4 1 60 36 6 1 59 32 43 1 46 5 23 1 35 0 7 1 53 25 1 1 80 31 16 1 124 55 31 1 120 97 36 1 102 52 17 1 131 47 30 1 130 77 44 1 131 60 20 1 117 46 0 1 0 0 0 0 81 25 0 1 100 23 8 1 89 51 14 1 115 32 24 1 88 16 17 1 64 34 1 1 109 80 0 1 117 55 0 1 0 0 0 0 80 34 3 1 101 47 0 1 115 53 0 1 115 44 12 1 123 61 21 1 147 75 20 1 117 48 30 1 118 51 0 1 105 68 9 1
101 32 0 1 90 25 18 1 96 42 12 1 116 66 20 1 106 55 8 1 93 48 9 1 97 46 15 1 103 49 40 1 117 71 27 1 105 76 50 1 88 31 23 1 97 43 6 1 99 45 13 1 95 57 0 1 76 54 20 1 0 0 0 0 62 49 51 1 56 65 7 1 34 30 13 1 29 34 5 1 31 0 25 1 22 11 10 1 0 0 10 1 13 4 0 1 6 0 5 1 0 0 0 0 21 25 0 1 20 0 0 1 54 29 5 1 69 32 25 1 68 35 22 1 70 21 19 1 74 49 17 1 102 71 58 1 99 75 47 1 91 56 20 1 103 36 0 1 0 0 0 0 0 0 0 0 137 66 18 1 101 46 2 1 92 17 0 1 98 63 4 1 109 61 14 1 106 51 41 1 92 34 27 1 86 19 0 1 96 50 10 1 0 0 0 0 110 49 0 1 88 52 25 1 91 36 7 1 101 22 5 1 144 42 0 1 122 34 0 1 118 55 19 1 0 0 0 0 144 27 0 1 110 36 23 1 117 76 5 1
82 47 30 1 99 67 36 1 101 67 52 1 94 65 28 1 100 52 47 1 105 62 3 1 109 60 14 1 124 59 9 1 50 46 17 1 72 24 30 1 92 50 5 1 75 46 35 1 79 17 13 1 58 51 0 1 95 42 28 1 85 43 44 1 0 0 0 0 80 47 43 1 74 54 32 1 50 11 0 1 0 0 0 0 11 15 21 1 23 0 0 1 0 5 0 1 24 28 11 1 6 9 9 1 10 0 3 1 11 13 17 1 25 0 16 1 59 24 15 1 69 40 15 1 91 60 26 1 75 52 11 1 0 0 0 0 107 12 29 1 63 52 9 1 67 12 9 1 0 0 0 0 125 55 45 1 100 73 0 1 81 68 0 1 61 55 0 1 103 66 28 1 119 70 22 1 97 52 16 1 87 10 0 1 85 20 0 1 129 79 26 1 113 58 0 1 105 63 0 1 111 37 0 1 135 66 27 1 118 56 8 1 116 75 12 1 103 65 14 1 162 82 38 1 143 74 32 1 136 56 19 1 144 63 6 1 124 64 35 1
71 39 24 1 89 48 2 1 88 72 5 1 76 32 15 1 107 36 19 1 104 59 32 1 119 40 9 1 119 28 14 1 75 45 27 1 102 45 17 1 85 61 9 1 81 30 28 1 61 50 13 1 69 42 5 1 98 41 13 1 72 50 7 1 0 0 0 0 0 0 0 0 66 33 17 1 0 0 0 0 34 0 14 1 38 0 0 1 2 6 11 1 0 0 0 0 12 16 6 1 20 5 0 1 12 5 5 1 16 2 6 1 33 2 18 1 69 9 0 1 73 41 0 1 84 36 31 1 59 19 22 1 59 9 5 1 75 28 4 1 102 56 36 1 0 0 0 0 68 35 19 1 159 55 32 1 105 24 7 1 0 0 0 0 102 71 0 1 110 47 49 1 117 50 9 1 80 30 22 1 0 0 0 0 90 49 5 1 121 53 7 1 115 81 38 1 127 80 12 1 156 90 62 1 0 0 0 0 129 101 53 1 127 73 30 1 102 66 24 1 109 71 14 1 119 59 13 1 118 55 0 1 102 68 3 1 125 58 0 1
73 49 23 1 89 47 3 1 87 28 26 1 78 64 19 1 95 60 21 1 72 68 9 1 70 39 28 1 0 0 0 0 88 71 17 1 86 16 18 1 92 38 22 1 78 37 17 1 66 22 0 1 76 47 3 1 79 19 27 1 101 45 27 1 82 73 33 1 75 64 14 1 58 37 52 1 59 45 15 1 27 2 11 1 48 9 10 1 16 10 1 1 12 0 0 1 17 5 0 1 17 1 0 1 29 0 0 1 45 0 0 1 43 52 0 1 66 30 9 1 77 14 9 1 69 35 23 1 74 31 17 1 81 19 18 1 62 34 9 1 54 45 0 1 62 19 0 1 89 50 3 1 80 9 0 1 105 53 27 1 136 70 31 1 106 35 14 1 85 11 12 1 107 48 17 1 0 0 0 0 95 64 18 1 135 105 62 1 147 98 58 1 124 101 70 1 127 99 57 1 147 80 8 1 0 0 0 0 73 24 0 1 0 0 0 0 136 46 0 1 108 57 22 1 106 48 12 1 115 96 40 1 135 80 21 1 117 53 0 1
25 29 0 1 64 28 8 1 58 38 17 1 80 43 14 1 84 27 33 1 84 54 20 1 75 41 33 1 92 39 25 1 75 52 21 1 77 40 24 1 79 35 10 1 90 35 16 1 77 48 27 1 94 44 0 1 83 49 6 1 101 21 12 1 78 43 19 1 103 38 22 1 70 37 5 1 41 25 11 1 15 14 17 1 31 0 9 1 0 3 6 1 15 1 10 1 0 8 5 1 0 6 0 1 10 3 0 1 26 26 0 1 54 10 29 1 67 36 26 1 47 31 0 1 0 0 0 0 91 52 39 1 90 72 21 1 75 18 22 1 81 4 0 1 64 10 40 1 69 32 12 1 85 33 2 1 124 79 29 1 119 76 10 1 116 57 25 1 95 40 9 1 118 75 32 1 146 106 72 1 150 84 88 1 162 102 77 1 155 92 72 1 0 0 0 0 76 51 6 1 102 58 21 1 102 52 0 1 86 24 0 1 117 68 6 1 94 57 25 1 130 70 0 1 108 76 0 1 167 92 14 1 126 70 30 1 117 28 19 1
0 29 0 1 43 2 0 1 34 25 10 1 66 53 41 1 63 20 14 1 49 39 18 1 78 26 10 1 61 43 27 1 80 48 24 1 33 43 18 1 77 29 22 1 59 38 29 1 103 43 5 1 82 55 0 1 100 39 0 1 82 33 16 1 75 27 1 1 78 60 9 1 52 37 24 1 48 55 0 1 45 0 7 1 25 4 6 1 14 10 0 1 45 0 27 1 30 8 10 1 0 0 33 1 12 0 4 1 33 25 18 1 69 27 9 1 44 15 18 1 48 12 0 1 56 29 4 1 108 65 60 1 0 0 0 0 48 22 0 1 68 23 15 1 58 0 2 1 57 52 11 1 130 65 5 1 129 94 32 1 179 74 65 1 141 108 28 1 124 65 43 1 120 28 39 1 0 0 0 0 112 49 16 1 96 34 5 1 83 27 17 1 76 34 0 1 91 48 0 1 100 43 6 1 87 57 0 1 109 33 0 1 108 37 8 1 140 71 0 1 120 73 28 1 133 58 0 1 144 95 39 1 156 89 20 1 106 41 8 1
17 7 0 1 0 0 0 0 41 8 0 1 37 12 0 1 34 0 0 1 42 0 0 1 39 1 7 1 93 23 0 1 77 39 52 1 61 54 27 1 64 39 13 1 49 15 3 1 71 31 15 1 66 32 11 1 85 34 0 1 107 60 10 1 93 19 21 1 78 51 13 1 72 21 23 1 0 0 0 0 20 0 15 1 15 11 0 1 13 0 10 1 29 0 0 1 0 0 16 1 36 5 0 1 31 12 6 1 42 6 15 1 54 25 0 1 46 0 0 1 49 0 14 1 0 0 0 0 76 45 31 1 0 0 0 0 47 8 4 1 88 28 33 1 97 34 19 1 94 63 37 1 134 80 73 1 135 97 61 1 132 99 36 1 0 0 0 0 76 37 3 1 80 26 17 1 83 51 0 1 89 38 0 1 109 47 20 1 106 71 0 1 115 56 0 1 100 56 0 1 120 34 11 1 93 35 2 1 124 54 21 1 119 54 33 1 136 78 0 1 143 94 31 1 162 98 44 1 163 80 46 1 116 67 15 1 126 57 0 1
18 3 1 1 12 18 0 1 16 0 1 1 18 0 11 1 18 9 2 1 22 11 0 1 52 15 19 1 21 34 0 1 0 0 0 0 67 42 27 1 74 26 18 1 52 50 5 1 69 28 10 1 51 29 21 1 79 3 5 1 87 47 10 1 0 0 0 0 80 28 26 1 71 40 13 1 53 31 7 1 23 32 12 1 25 0 0 1 0 0 0 1 8 32 26 1 0 0 34 1 0 0 0 0 0 0 0 0 22 11 27 1 47 21 21 1 23 15 0 1 46 12 2 1 46 20 24 1 69 32 25 1 72 21 0 1 63 41 0 1 78 62 26 1 100 53 35 1 0 0 0 0 104 80 36 1 59 63 12 1 108 55 4 1 85 33 0 1 73 44 0 1 112 57 4 1 98 71 24 1 123 40 3 1 110 62 23 1 95 90 20 1 98 26 19 1 102 47 19 1 102 54 10 1 90 33 0 1 110 29 0 1 91 34 12 1 139 40 8 1 0 0 0 0 145 77 28 1 140 74 14 1 137 65 25 1 145 76 0 1
3 0 0 1 0 0 0 0 15 5 0 1 0 0 0 0 9 25 4 1 25 0 0 1 38 0 0 1 20 0 0 1 23 11 0 1 44 37 9 1 55 45 29 1 75 33 13 1 72 38 20 1 70 31 26 1 111 33 22 1 66 27 8 1 89 40 14 1 64 37 13 1 65 15 2 1 61 31 0 1 30 32 28 1 40 0 11 1 0 0 34 1 0 4 8 1 8 0 50 1 0 0 0 0 39 0 23 1 35 7 4 1 45 18 27 1 77 15 51 1 62 16 8 1 55 9 23 1 76 28 28 1 43 25 10 1 68 29 12 1 63 36 27 1 75 50 17 1 68 16 13 1 105 42 10 1 53 4 0 1 108 58 0 1 104 39 5 1 100 41 22 1 100 77 28 1 97 59 35 1 90 41 0 1 0 0 0 0 116 69 34 1 109 56 36 1 106 64 33 1 81 33 23 1 73 37 3 1 61 0 0 1 98 3 7 1 131 71 18 1 139 77 34 1 122 78 19 1 142 86 18 1 140 97 31 1 0 0 0 0
26 8 13 1 0 0 7 1 23 17 18 1 27 0 0 1 17 21 3 1 6 14 8 1 17 14 0 1 0 0 0 0 10 0 13 1 0 0 0 0 42 38 0 1 51 11 0 1 43 30 0 1 73 29 16 1 60 11 20 1 72 15 0 1 74 32 18 1 51 12 0 1 13 18 3 1 38 29 0 1 0 17 0 1 3 15 0 1 0 0 0 0 0 0 0 0 44 0 1 1 39 32 23 1 26 0 12 1 20 5 6 1 47 31 0 1 60 25 19 1 49 17 24 1 40 8 12 1 47 8 25 1 48 26 41 1 64 18 0 1 32 2 5 1 30 13 0 1 74 18 0 1 79 7 17 1 0 0 0 0 115 58 19 1 129 46 22 1 130 54 35 1 94 64 11 1 89 37 11 1 104 49 26 1 95 76 39 1 132 98 53 1 0 0 0 0 96 38 0 1 96 34 20 1 109 18 21 1 74 25 0 1 113 36 8 1 0 0 0 0 118 76 29 1 103 41 18 1 0 0 0 0 145 80 12 1 102 60 14 1
20 40 0 1 9 4 13 1 0 0 0 1 16 3 0 1 0 0 0 1 22 3 4 1 16 0 0 1 10 11 0 1 36 0 0 1 5 1 0 1 26 0 2 1 25 2 0 1 49 29 0 1 52 13 21 1 50 34 19 1 0 0 0 0 61 17 18 1 37 26 5 1 61 1 27 1 34 3 0 1 38 22 5 1 20 10 0 1 0 3 0 1 11 6 6 1 0 0 33 1 27 0 0 1 9 0 0 1 23 18 10 1 45 19 0 1 33 16 13 1 42 18 20 1 55 0 20 1 33 20 0 1 31 0 0 1 64 39 15 1 41 21 0 1 21 9 0 1 0 0 0 0 52 19 0 1 56 0 5 1 100 42 0 1 111 91 30 1 145 83 33 1 99 38 45 1 108 26 0 1 0 0 0 0 132 74 10 1 97 86 3 1 114 47 27 1 119 38 15 1 84 42 0 1 78 39 19 1 111 50 11 1 123 34 47 1 109 90 17 1 116 44 0 1 111 30 11 1 148 81 25 1 0 0 0 0 139 37 6 1
20 0 0 1 15 30 0 1 0 20 0 1 35 0 0 1 8 0 0 1 0 8 6 1 12 0 0 1 0 0 0 0 11 6 6 1 13 11 7 1 0 21 0 1 21 0 10 1 27 24 13 1 45 5 8 1 47 1 10 1 0 0 0 0 25 32 36 1 52 46 47 1 0 0 0 0 29 19 0 1 16 3 5 1 0 0 0 0 21 25 0 1 1 11 26 1 17 0 5 1 21 2 37 1 9 14 11 1 3 20 0 1 0 0 0 0 0 0 0 0 63 8 20 1 42 15 11 1 0 0 0 0 44 14 0 1 47 12 0 1 24 14 12 1 65 15 0 1 57 28 13 1 61 55 9 1 43 7 0 1 94 45 18 1 128 45 26 1 81 59 13 1 79 38 6 1 75 51 17 1 126 68 29 1 100 58 18 1 88 71 29 1 122 46 2 1 111 40 0 1 90 69 0 1 79 18 0 1 87 23 0 1 72 49 29 1 89 51 27 1 68 36 0 1 96 22 0 1 115 23 0 1 133 96 20 1 126 73 26 1
22 30 29 1 59 19 27 1 16 2 0 1 18 8 0 1 11 0 4 1 20 1 10 1 5 12 0 1 18 9 22 1 0 0 0 1 12 29 0 1 0 21 0 1 0 3 1 1 36 0 0 1 2 0 0 1 44 13 13 1 49 20 1 1 40 32 0 1 49 0 38 1 50 50 27 1 38 7 27 1 5 17 0 1 24 0 0 1 14 23 0 1 8 16 1 1 0 0 0 0 14 20 16 1 11 16 9 1 0 11 25 1 25 8 0 1 23 7 5 1 0 0 0 0 0 0 0 0 34 0 0 1 66 0 0 1 50 26 0 1 32 16 0 1 46 12 0 1 48 7 0 1 0 0 0 0 49 31 0 1 94 63 0 1 0 0 0 0 119 57 23 1 103 41 7 1 134 70 17 1 95 45 50 1 64 52 9 1 101 58 1 1 121 59 0 1 97 31 0 1 88 33 20 1 123 52 23 1 73 42 11 1 75 35 19 1 93 42 6 1 42 2 0 1 90 9 20 1 91 26 0 1 105 34 12 1 130 59 35 1
34 25 0 1 42 31 0 1 0 7 5 1 35 3 18 1 21 0 6 1 2 9 7 1 14 2 2 1 0 0 0 1 3 0 25 1 3 0 0 1 8 0 0 1 0 3 0 1 29 0 0 1 17 10 2 1 22 0 7 1 0 0 0 0 43 12 0 1 38 3 6 1 23 23 27 1 28 11 26 1 15 25 5 1 44 0 29 1 18 0 0 1 0 0 18 1 2 2 13 1 5 6 0 1 29 5 18 1 17 15 0 1 36 6 28 1 24 6 0 1 0 0 0 0 39 25 24 1 29 0 9 1 17 0 12 1 21 18 0 1 35 0 11 1 62 14 0 1 61 20 32 1 55 45 23 1 79 26 0 1 81 38 21 1 87 22 10 1 0 0 0 0 107 51 6 1 136 78 37 1 96 77 21 1 105 32 0 1 89 46 8 1 94 51 6 1 88 52 16 1 95 66 18 1 124 65 21 1 119 63 20 1 58 66 5 1 64 31 9 1 63 21 37 1 71 37 0 1 78 31 0 1 95 43 8 1 103 37 24 1
0 0 0 0 55 36 8 1 39 32 6 1 12 1 20 1 20 18 38 1 17 12 0 1 0 10 20 1 11 9 5 1 0 2 0 1 0 10 0 1 36 0 0 1 13 5 0 1 0 0 0 0 21 0 20 1 35 13 0 1 15 10 12 1 0 7 8 1 8 0 0 1 24 0 14 1 33 8 36 1 0 0 2 1 24 15 0 1 13 0 7 1 0 0 0 0 0 4 13 1 4 0 0 1 17 28 30 1 8 9 9 1 27 3 0 1 48 0 0 1 26 30 0 1 30 23 22 1 41 9 0 1 24 0 0 1 12 0 0 1 41 27 15 1 40 30 3 1 0 0 0 0 71 20 0 1 60 23 0 1 0 0 0 0 108 48 0 1 87 31 24 1 79 66 0 1 88 42 15 1 93 44 10 1 61 36 0 1 66 32 0 1 125 46 16 1 116 59 14 1 100 62 16 1 97 69 12 1 69 70 4 1 61 5 0 1 58 11 9 1 92 37 24 1 67 30 0 1 101 21 3 1 96 26 3 1 117 41 24 1
20 43 24 1 30 26 5 1 41 12 4 1 23 14 23 1 47 0 20 1 18 5 23 1 41 16 18 1 34 0 4 1 0 5 6 1 10 16 5 1 31 5 20 1 27 20 34 1 32 15 18 1 31 1 3 1 0 0 0 0 0 0 0 0 40 0 0 1 2 0 1 1 8 25 6 1 26 28 0 1 5 0 23 1 1 8 11 1 40 11 13 1 11 7 0 1 11 15 0 1 0 0 26 1 23 12 3 1 36 10 11 1 50 9 0 1 30 28 0 1 0 0 0 0 40 13 1 1 25 0 14 1 23 13 5 1 40 13 3 1 0 0 0 0 34 47 11 1 51 0 0 1 57 17 0 1 0 0 0 0 94 70 26 1 104 61 0 1 88 35 38 1 72 33 0 1 0 0 0 0 86 12 0 1 63 32 0 1 71 9 0 1 110 44 26 1 125 80 43 1 114 77 19 1 107 55 23 1 72 22 0 1 42 1 3 1 68 28 2 1 73 63 24 1 90 50 2 1 89 62 11 1 121 52 30 1 90 45 27 1
41 40 5 1 48 23 3 1 57 21 0 1 34 18 5 1 74 19 22 1 50 4 7 1 14 4 1 1 0 0 0 0 0 0 0 0 10 34 0 1 29 7 25 1 21 13 25 1 0 16 4 1 14 0 0 1 0 0 0 0 21 0 11 1 0 0 24 1 0 0 0 0 22 0 0 1 0 7 1 1 0 22 8 1 1 0 9 1 9 11 13 1 6 0 23 1 15 0 20 1 0 0 26 1 29 0 5 1 40 4 12 1 49 12 0 1 2 0 0 1 47 8 0 1 0 0 0 0 9 0 21 1 33 37 7 1 45 18 12 1 74 57 42 1 39 0 25 1 28 3 4 1 42 12 19 1 124 84 69 1 129 59 38 1 71 33 19 1 62 38 7 1 58 28 11 1 0 0 0 0 105 32 22 1 110 47 40 1 0 0 0 0 88 23 14 1 118 62 26 1 111 74 41 1 100 60 10 1 96 40 17 1 90 23 35 1 46 9 6 1 58 11 0 1 86 44 11 1 118 63 21 1 98 39 19 1 91 53 4 1
53 13 18 1 50 16 21 1 40 21 26 1 30 0 25 1 50 20 0 1 34 16 33 1 29 0 40 1 50 26 32 1 0 0 0 0 0 11 43 1 0 18 12 1 16 9 11 1 0 0 14 1 24 0 0 1 0 1 19 1 6 0 0 1 0 8 0 1 0 0 4 1 0 0 7 1 0 8 26 1 0 0 11 1 9 0 25 1 0 10 0 1 0 26 0 1 7 11 19 1 15 7 22 1 0 16 28 1 31 3 0 1 13 0 21 1 67 11 24 1 38 0 0 1 41 0 7 1 32 1 0 1 33 14 5 1 33 39 29 1 0 0 0 0 29 11 0 1 44 21 0 1 0 0 0 0 129 91 67 1 92 78 44 1 0 0 0 0 74 29 1 1 69 8 20 1 72 33 17 1 109 53 77 1 127 80 52 1 109 61 49 1 77 26 4 1 79 58 12 1 131 83 34 1 0 0 0 0 82 21 0 1 85 37 11 1 0 0 0 0 48 13 0 1 68 40 39 1 88 50 32 1 87 78 8 1 91 31 19 1
0 0 0 0 55 21 13 1 30 7 42 1 40 11 10 1 54 20 0 1 40 20 4 1 56 10 8 1 19 11 16 1 28 4 15 1 28 15 10 1 17 0 0 1 14 4 6 1 36 0 0 1 20 0 3 1 14 8 0 1 5 0 11 1 0 30 5 1 4 0 2 1 0 15 16 1 0 0 15 1 20 0 21 1 1 0 23 1 17 11 4 1 0 0 0 0 0 0 22 1 23 20 0 1 10 14 23 1 0 0 0 0 39 0 10 1 8 17 4 1 10 22 3 1 0 6 1 1 48 17 0 1 43 36 37 1 55 16 36 1 54 17 14 1 31 1 0 1 0 0 0 0 67 57 37 1 0 0 0 0 64 52 2 1 58 0 0 1 46 31 0 1 69 38 0 1 0 0 0 0 138 93 79 1 104 53 56 1 51 0 9 1 59 21 0 1 100 45 19 1 85 44 22 1 62 12 0 1 42 25 0 1 89 42 12 1 96 38 20 1 97 49 0 1 100 68 25 1 82 37 26 1 44 32 9 1 67 36 5 1
85 2 6 1 0 0 0 0 31 10 0 1 42 8 26 1 0 0 0 0 59 0 3 1 28 0 0 1 44 5 36 1 0 0 0 0 17 17 17 1 12 5 2 1 4 9 21 1 8 15 12 1 18 16 11 1 0 0 0 0 0 0 0 0 0 8 1 1 0 0 0 0 30 0 8 1 2 0 13 1 39 0 14 1 3 0 6 1 0 0 0 1 22 7 0 1 15 3 0 1 2 5 9 1 10 4 23 1 20 38 16 1 40 15 0 1 35 9 0 1 47 6 0 1 40 0 0 1 41 19 20 1 44 19 19 1 57 0 2 1 38 11 19 1 54 20 31 1 65 49 6 1 42 32 5 1 63 11 2 1 60 41 8 1 19 0 0 1 58 9 21 1 69 48 51 1 92 72 63 1 76 33 52 1 51 6 0 1 52 13 0 1 100 39 10 1 94 54 25 1 90 74 22 1 45 41 2 1 55 43 11 1 78 46 19 1 97 54 22 1 96 51 19 1 84 28 20 1 74 47 29 1 100 38 7 1 83 22 0 1
42 9 4 1 32 22 5 1 42 3 6 1 46 14 23 1 16 25 27 1 55 16 18 1 35 0 38 1 40 16 3 1 34 15 33 1 23 0 0 1 13 0 0 1 0 0 0 0 6 11 0 1 23 15 9 1 14 0 21 1 2 0 0 1 5 18 0 1 0 0 17 1 0 0 0 1 15 6 8 1 0 0 1 1 34 1 20 1 5 0 14 1 3 6 0 1 33 0 12 1 0 0 0 0 28 0 0 1 40 9 9 1 24 3 0 1 35 11 0 1 37 9 0 1 43 20 3 1 0 0 0 0 61 21 8 1 30 26 33 1 75 14 11 1 74 42 16 1 42 26 0 1 43 21 3 1 46 34 27 1 51 3 3 1 58 0 0 1 52 31 0 1 74 34 24 1 90 50 35 1 45 12 22 1 58 14 7 1 34 3 0 1 98 41 3 1 0 0 0 0 81 50 0 1 81 44 0 1 84 65 12 1 109 61 49 1 107 54 17 1 53 15 0 1 60 19 27 1 0 0 0 0 47 25 0 1 44 13 14 1
18 30 0 1 32 9 0 1 44 16 30 1 52 2 25 1 36 10 0 1 36 3 12 1 22 30 14 1 34 1 5 1 0 0 0 0 42 23 13 1 27 1 16 1 16 13 13 1 41 1 0 1 7 0 25 1 6 6 13 1 31 24 8 1 8 18 8 1 4 0 0 1 0 35 0 1 0 14 0 1 0 0 0 0 24 7 10 1 14 23 0 1 15 14 14 1 5 15 22 1 0 0 0 0 43 14 6 1 42 6 0 1 24 0 2 1 35 14 0 1 64 0 31 1 53 25 9 1 36 10 24 1 30 13 4 1 18 6 11 1 16 27 0 1 0 0 0 0 41 11 0 1 58 14 0 1 43 18 0 1 50 6 29 1 33 32 0 1 52 39 13 1 51 50 30 1 84 50 20 1 44 6 14 1 63 3 0 1 61 39 30 1 64 44 20 1 80 33 7 1 116 70 25 1 87 55 5 1 96 52 22 1 94 35 16 1 56 18 14 1 72 26 26 1 79 31 0 1 81 20 25 1 82 23 28 1 94 54 7 1
46 0 0 1 40 0 0 1 38 7 1 1 9 8 14 1 34 0 8 1 32 25 12 1 36 0 22 1 44 2 43 1 12 4 8 1 32 13 0 1 36 3 14 1 21 7 37 1 31 2 0 1 4 11 7 1 2 0 28 1 4 0 11 1 1 4 12 1 18 0 18 1 0 26 0 1 0 0 0 0 10 11 5 1 6 0 2 1 0 0 0 1 11 19 14 1 14 0 7 1 5 0 0 1 7 15 6 1 50 4 8 1 41 0 0 1 23 6 0 1 31 30 24 1 28 37 13 1 50 39 0 1 38 25 18 1 29 20 30 1 0 0 0 0 58 10 10 1 57 27 16 1 54 0 3 1 60 0 0 1 44 0 0 1 0 0 0 0 44 31 6 1 57 26 15 1 52 15 4 1 51 14 20 1 67 11 0 1 80 0 17 1 0 0 0 0 81 18 20 1 80 54 4 1 66 17 19 1 78 29 0 1 0 0 0 0 82 32 14 1 72 41 21 1 73 63 9 1 90 31 11 1 75 39 0 1 92 14 0 1
5 15 0 1 6 0 0 1 2 0 9 1 13 14 15 1 59 18 5 1 0 4 0 1 17 0 11 1 0 0 0 0 0 0 0 0 25 25 6 1 22 0 16 1 51 0 8 1 43 4 0 1 27 8 0 1 23 30 12 1 45 8 13 1 0 9 7 1 0 14 16 1 2 1 0 1 12 12 5 1 20 3 9 1 5 21 24 1 35 3 16 1 0 0 0 0 15 13 8 1 0 27 4 1 16 25 0 1 25 5 5 1 35 0 0 1 35 4 8 1 41 6 17 1 70 22 29 1 38 0 26 1 16 8 24 1 57 2 3 1 36 6 0 1 69 20 14 1 57 19 13 1 37 3 18 1 53 14 0 1 42 18 17 1 49 33 10 1 49 32 25 1 67 28 25 1 85 18 9 1 42 14 0 1 63 24 0 1 68 32 5 1 98 49 34 1 87 54 34 1 90 46 10 1 0 0 0 0 81 19 0 1 50 41 23 1 0 0 0 0 80 31 0 1 80 27 13 1 71 47 10 1 87 35 36 1 104 36 0 1
0 0 0 0 17 16 0 1 21 24 15 1 38 6 0 1 7 1 0 1 34 5 13 1 23 34 0 1 0 0 0 0 23 0 23 1 25 16 17 1 32 0 38 1 21 19 0 1 16 5 0 1 24 33 13 1 30 28 18 1 25 0 28 1 32 23 0 1 0 13 15 1 3 6 0 1 0 9 8 1 23 1 4 1 4 20 0 1 47 13 13 1 0 13 23 1 38 10 8 1 0 0 26 1 25 8 10 1 19 2 7 1 38 2 0 1 20 8 5 1 35 4 5 1 44 37 29 1 22 26 23 1 48 1 0 1 34 7 4 1 47 23 18 1 51 15 7 1 0 0 0 0 35 41 5 1 54 25 0 1 53 35 2 1 35 19 0 1 42 22 3 1 63 17 4 1 81 11 5 1 47 44 24 1 73 22 0 1 64 1 0 1 96 40 11 1 84 66 25 1 88 58 4 1 92 38 0 1 88 61 18 1 68 24 3 1 56 26 4 1 68 49 9 1 63 61 4 1 90 29 31 1 86 33 0 1 106 51 5 1
29 17 5 1 5 0 0 1 17 25 0 1 0 0 0 0 18 16 7 1 13 9 0 1 22 5 15 1 26 15 12 1 51 0 0 1 0 0 0 1 25 0 0 1 54 14 0 1 20 24 0 1 13 0 7 1 47 6 15 1 30 0 0 1 43 0 0 1 31 0 0 1 0 2 0 1 13 0 0 1 7 15 0 1 0 0 0 1 0 0 0 1 26 12 0 1 30 36 17 1 19 25 0 1 48 0 0 1 54 8 17 1 26 20 7 1 49 0 0 1 27 9 21 1 33 40 0 1 28 14 0 1 50 15 0 1 15 0 7 1 17 14 6 1 53 26 0 1 22 22 0 1 0 0 0 0 82 39 20 1 44 40 24 1 63 36 4 1 55 11 0 1 55 26 1 1 81 32 24 1 49 38 10 1 76 20 0 1 60 30 18 1 0 0 0 0 0 0 0 0 96 47 6 1 92 34 5 1 77 27 7 1 85 20 1 1 48 13 0 1 64 33 14 1 86 47 32 1 83 51 23 1 0 0 0 0 100 31 10 1
7 6 35 1 19 14 0 1 0 0 0 0 23 7 23 1 31 0 2 1 45 0 13 1 34 4 5 1 11 0 6 1 38 0 2 1 34 13 0 1 0 0 0 0 31 8 25 1 37 0 0 1 36 11 0 1 20 0 0 1 38 0 0 1 0 0 0 0 33 0 27 1 24 2 0 1 6 10 2 1 0 0 14 1 0 0 0 0 2 4 0 1 12 0 0 1 34 6 23 1 25 6 17 1 22 0 12 1 0 0 0 0 37 33 0 1 25 7 5 1 0 0 0 0 44 17 22 1 12 38 15 1 45 20 25 1 51 18 14 1 0 0 0 0 34 0 0 1 58 12 5 1 58 10 16 1 78 60 39 1 46 17 0 1 0 0 0 0 23 23 0 1 48 20 6 1 66 19 0 1 0 0 0 0 71 21 26 1 92 33 25 1 0 0 0 0 122 85 49 1 81 56 29 1 73 40 4 1 76 35 0 1 113 29 22 1 91 39 0 1 71 4 0 1 54 61 5 1 98 33 20 1 106 26 0 1 90 49 6 1
0 0 0 0 43 9 10 1 43 15 1 1 4 23 2 1 46 22 0 1 28 3 0 1 19 25 14 1 0 0 0 0 38 0 13 1 23 22 10 1 29 6 0 1 13 0 13 1 0 0 0 1 13 28 5 1 25 21 16 1 0 6 2 1 21 0 3 1 16 0 0 1 23 4 0 1 11 0 29 1 22 0 16 1 13 8 0 1 37 36 9 1 9 8 26 1 13 27 0 1 8 19 9 1 4 12 0 1 14 3 0 1 8 20 6 1 12 29 0 1 28 30 0 1 6 6 0 1 41 18 19 1 32 34 5 1 30 22 0 1 31 25 37 1 23 0 5 1 0 0 0 0 54 10 9 1 67 41 25 1 0 0 0 0 42 15 4 1 36 0 0 1 61 25 0 1 82 32 0 1 72 21 0 1 66 50 16 1 103 80 30 1 130 121 58 1 120 53 26 1 101 39 7 1 84 36 0 1 89 44 0 1 57 41 18 1 56 19 6 1 71 32 11 1 55 41 0 1 91 23 3 1 94 51 0 1 112 45 34 1
29 0 0 1 32 15 0 1 33 1 0 1 32 13 20 1 40 0 0 1 4 6 3 1 15 4 16 1 6 0 6 1 25 6 0 1 36 16 11 1 14 6 23 1 16 3 24 1 24 23 2 1 6 11 0 1 0 0 0 0 5 0 6 1 0 13 8 1 7 27 10 1 12 6 17 1 39 0 11 1 27 0 16 1 23 0 28 1 11 9 0 1 15 1 20 1 21 12 9 1 31 13 5 1 0 0 0 0 7 31 0 1 0 0 0 0 21 18 5 1 12 0 0 1 25 13 17 1 48 0 0 1 21 4 13 1 36 27 13 1 29 7 12 1 32 0 0 1 57 7 17 1 46 41 9 1 55 12 20 1 0 0 0 0 79 38 4 1 56 7 0 1 60 10 0 1 70 3 0 1 93 22 0 1 107 28 19 1 114 71 14 1 141 89 48 1 127 40 7 1 81 42 7 1 0 0 0 0 92 57 0 1 0 0 0 0 89 29 22 1 55 25 4 1 66 52 3 1 0 0 0 0 90 68 33 1 0 0 0 0
27 9 10 1 19 12 0 1 38 9 15 1 39 9 0 1 5 7 0 1 25 28 0 1 19 11 0 1 28 2 0 1 23 6 7 1 20 6 28 1 40 4 14 1 30 0 7 1 0 21 5 1 0 0 0 0 37 8 6 1 21 13 7 1 29 0 25 1 0 0 0 0 29 27 22 1 22 1 7 1 21 0 12 1 21 36 1 1 27 8 0 1 1 36 0 1 20 6 0 1 11 5 0 1 32 0 0 1 11 36 0 1 19 5 0 1 38 0 6 1 0 6 0 1 3 0 0 1 15 21 4 1 32 1 17 1 5 11 19 1 33 13 4 1 41 13 1 1 64 14 6 1 48 29 41 1 57 12 27 1 74 39 13 1 81 49 0 1 63 34 35 1 58 43 0 1 93 34 7 1 80 38 22 1 0 0 0 0 0 0 0 0 0 0 0 0 92 38 18 1 102 34 9 1 0 0 0 0 100 44 36 1 111 40 23 1 80 12 23 1 65 30 0 1 74 27 10 1 97 46 25 1 91 35 28 1 95 39 2 1
8 0 14 1 48 5 19 1 0 0 0 0 6 0 12 1 0 0 0 0 27 0 3 1 16 6 10 1 9 0 0 1 28 2 4 1 26 16 39 1 28 15 0 1 26 9 14 1 18 0 6 1 13 0 11 1 18 11 18 1 35 23 0 1 21 0 13 1 18 33 0 1 0 0 0 0 21 12 16 1 23 20 16 1 31 16 0 1 15 20 9 1 19 36 0 1 3 11 3 1 9 18 10 1 11 0 0 1 39 0 19 1 31 6 0 1 15 0 7 1 15 0 4 1 27 12 0 1 32 0 0 1 38 16 0 1 59 5 0 1 0 0 0 0 45 16 0 1 69 24 4 1 51 20 24 1 73 31 19 1 57 27 26 1 74 31 42 1 70 51 37 1 66 83 37 1 83 62 21 1 74 54 49 1 126 67 6 1 109 46 37 1 61 47 4 1 57 0 11 1 75 23 2 1 0 0 0 0 90 29 42 1 108 57 32 1 101 52 46 1 73 68 49 1 0 0 0 0 102 38 4 1 88 52 42 1 97 59 0 1
30 29 0 1 30 11 0 1 26 0 10 1 23 4 0 1 28 21 11 1 12 27 0 1 13 6 0 1 21 0 0 1 18 12 12 1 18 9 30 1 21 7 0 1 40 0 6 1 12 11 0 1 4 26 5 1 60 7 7 1 25 4 13 1 11 3 0 1 11 0 0 1 10 0 0 1 13 2 0 1 24 0 20 1 12 13 0 1 20 3 0 1 10 0 5 1 14 37 18 1 4 0 20 1 21 0 9 1 9 1 0 1 21 21 6 1 6 0 0 1 6 7 11 1 22 23 0 1 23 33 9 1 10 13 0 1 39 22 4 1 21 0 0 1 21 15 7 1 0 0 0 0 40 55 0 1 43 25 14 1 51 19 6 1 59 31 19 1 80 30 30 1 55 53 28 1 86 43 24 1 56 39 3 1 0 0 0 0 92 42 7 1 82 29 0 1 40 3 0 1 71 0 22 1 72 45 0 1 64 20 0 1 72 29 0 1 64 32 2 1 64 24 4 1 65 31 0 1 83 46 25 1 118 45 6 1 103 60 0 1
35 18 0 1 33 0 0 1 22 2 6 1 50 10 15 1 14 4 13 1 21 0 28 1 15 9 16 1 0 0 15 1 30 0 17 1 21 20 21 1 20 21 26 1 31 5 23 1 15 14 0 1 8 14 5 1 45 0 7 1 20 13 0 1 15 0 10 1 27 3 0 1 24 2 5 1 18 15 0 1 20 18 22 1 12 0 16 1 42 2 0 1 20 13 0 1 25 13 0 1 29 14 0 1 0 32 20 1 33 16 9 1 44 19 0 1 16 6 0 1 0 18 12 1 0 0 0 0 36 13 9 1 11 13 0 1 28 9 13 1 24 22 16 1 28 0 0 1 15 9 15 1 36 20 10 1 58 20 0 1 48 17 0 1 54 1 0 1 62 28 0 1 72 44 8 1 0 0 0 0 0 0 0 0 83 15 0 1 52 49 8 1 46 39 13 1 44 0 0 1 62 24 0 1 81 57 45 1 0 0 0 0 88 45 31 1 101 59 43 1 94 47 32 1 74 34 19 1 92 55 19 1 95 51 15 1 110 44 15 1
7 0 1 1 59 8 1 1 0 0 0 0 31 4 0 1 25 1 0 1 32 5 0 1 15 14 0 1 31 5 18 1 0 21 26 1 11 3 13 1 28 20 19 1 23 17 18 1 0 4 11 1 3 7 0 1 25 21 14 1 46 0 0 1 27 4 14 1 20 8 0 1 15 11 18 1 33 9 0 1 3 0 14 1 15 15 34 1 0 0 6 1 1 16 30 1 27 14 1 1 30 0 0 1 27 8 21 1 28 0 0 1 6 2 0 1 32 0 2 1 26 2 0 1 11 18 3 1 2 16 23 1 22 14 10 1 47 4 20 1 32 30 0 1 10 0 15 1 43 0 7 1 63 6 0 1 0 0 0 0 56 9 17 1 43 30 10 1 28 0 13 1 58 18 0 1 76 40 13 1 68 44 0 1 74 22 7 1 0 0 0 0 89 54 11 1 83 35 9 1 111 67 42 1 94 69 31 1 0 0 0 0 101 66 4 1 73 21 27 1 73 51 42 1 111 53 5 1 83 46 13 1 97 71 38 1 84 48 0 1
25 17 4 1 38 0 10 1 16 0 0 1 21 0 0 1 29 3 32 1 37 0 9 1 21 1 0 1 14 0 24 1 22 13 18 1 15 20 9 1 16 12 2 1 27 0 0 1 26 21 0 1 22 30 14 1 13 11 0 1 33 9 33 1 10 2 12 1 5 0 15 1 28 7 0 1 25 0 0 1 0 0 0 0 27 0 0 1 12 4 0 1 35 12 14 1 18 24 0 1 2 14 0 1 0 0 0 0 0 0 0 0 32 8 20 1 9 0 0 1 7 0 14 1 19 27 0 1 21 0 0 1 26 1 15 1 18 0 10 1 43 7 0 1 41 0 3 1 48 11 0 1 46 10 4 1 39 34 10 1 46 12 13 1 47 13 0 1 46 31 30 1 68 41 14 1 87 38 2 1 54 18 7 1 58 34 28 1 66 38 12 1 0 0 0 0 88 37 19 1 95 67 45 1 91 87 28 1 70 44 0 1 61 50 7 1 71 35 25 1 84 38 14 1 95 4 0 1 0 0 0 0 45 0 0 1 0 0 0 0
33 24 9 1 26 23 9 1 13 4 0 1 6 7 20 1 16 5 5 1 20 8 0 1 18 8 17 1 9 28 3 1 23 0 19 1 0 24 15 1 0 0 0 0 19 0 20 1 0 0 0 1 48 1 4 1 11 13 0 1 7 9 0 1 21 16 4 1 23 12 12 1 22 4 23 1 24 0 5 1 1 0 14 1 12 1 6 1 7 0 0 1 20 5 0 1 38 24 0 1 17 0 1 1 29 9 0 1 0 0 0 0 41 9 14 1 0 0 0 0 10 9 0 1 0 0 0 0 0 0 0 0 8 0 7 1 17 11 1 1 0 17 0 1 30 0 9 1 45 35 7 1 31 5 19 1 0 0 0 0 84 0 23 1 84 30 10 1 44 17 12 1 0 0 0 0 65 44 18 1 73 37 29 1 88 25 2 1 71 50 0 1 70 23 6 1 60 36 21 1 106 27 0 1 93 48 24 1 91 44 8 1 107 16 27 1 74 15 9 1 97 7 8 1 70 31 3 1 49 26 22 1 74 22 29 1 64 28 25 1
8 20 6 1 49 4 7 1 0 0 0 0 19 9 9 1 12 31 3 1 11 0 0 1 13 10 0 1 40 23 0 1 27 15 19 1 16 0 25 1 0 0 8 1 44 0 2 1 4 16 0 1 29 5 0 1 26 38 0 1 16 0 0 1 26 14 0 1 15 0 9 1 17 0 9 1 41 0 0 1 23 0 2 1 23 11 12 1 17 13 12 1 33 0 13 1 0 0 0 0 12 0 0 1 24 18 10 1 8 10 0 1 29 27 3 1 0 1 24 1 13 12 8 1 41 13 2 1 28 0 0 1 44 18 0 1 37 0 0 1 34 13 14 1 50 16 13 1 12 43 0 1 5 25 0 1 70 0 3 1 41 18 1 1 53 39 32 1 77 50 14 1 45 31 0 1 48 7 0 1 96 46 16 1 0 0 0 0 101 44 30 1 58 5 1 1 77 39 0 1 85 45 0 1 83 28 0 1 87 52 30 1 104 38 38 1 82 33 0 1 62 14 0 1 57 20 32 1 45 26 35 1 73 26 2 1 55 24 6 1
30 6 0 1 23 3 0 1 16 6 11 1 19 14 15 1 0 3 0 1 11 0 16 1 8 19 0 1 41 11 14 1 18 11 7 1 12 0 12 1 38 11 0 1 0 11 10 1 0 0 0 0 20 0 8 1 15 6 0 1 9 16 0 1 37 0 0 1 14 13 2 1 13 0 0 1 28 0 9 1 25 9 16 1 39 8 5 1 7 5 5 1 19 23 8 1 12 8 0 1 14 10 5 1 5 0 3 1 15 0 7 1 15 10 0 1 21 8 0 1 20 0 4 1 14 2 43 1 33 4 0 1 0 0 0 0 48 38 48 1 72 34 39 1 58 56 41 1 63 30 58 1 41 23 29 1 30 1 3 1 74 22 30 1 59 37 14 1 82 44 23 1 47 7 0 1 70 21 0 1 91 63 16 1 119 58 20 1 89 38 11 1 0 0 0 0 104 68 36 1 104 69 43 1 126 51 35 1 86 34 0 1 60 3 0 1 90 49 3 1 116 53 32 1 71 31 10 1 55 46 4 1 47 26 0 1 54 2 0 1
44 1 11 1 0 0 0 0 17 1 0 1 4 6 18 1 18 0 12 1 10 28 0 1 7 28 0 1 9 0 1 1 35 9 3 1 8 23 0 1 42 15 0 1 16 24 5 1 37 23 0 1 31 2 16 1 5 9 0 1 7 29 0 1 0 15 0 1 15 0 0 1 27 10 3 1 18 12 0 1 17 13 0 1 0 6 0 1 7 10 7 1 23 0 5 1 18 0 3 1 0 13 0 1 19 0 3 1 31 1 28 1 27 16 5 1 25 19 13 1 9 11 14 1 30 0 0 1 10 0 0 1 35 18 1 1 45 0 0 1 3 26 0 1 28 4 7 1 20 15 0 1 17 0 0 1 5 1 13 1 53 4 0 1 44 7 13 1 56 14 1 1 41 27 0 1 77 36 15 1 76 19 4 1 99 49 13 1 88 28 0 1 99 58 9 1 110 55 24 1 0 0 0 0 96 48 20 1 104 25 4 1 100 61 10 1 76 50 37 1 94 34 0 1 64 21 0 1 35 33 10 1 36 29 0 1 23 25 0 1
0 0 0 0 12 0 5 1 21 1 0 1 19 3 30 1 21 0 8 1 26 22 0 1 21 34 29 1 30 16 16 1 18 0 0 1 8 0 22 1 0 0 0 0 29 0 0 1 27 4 6 1 24 0 0 1 0 0 0 0 37 0 0 1 20 0 0 1 28 1 8 1 0 14 10 1 24 7 11 1 11 10 0 1 7 6 0 1 17 0 4 1 36 5 0 1 18 0 0 1 11 22 15 1 0 0 0 0 0 0 1 1 21 0 19 1 31 0 9 1 28 0 0 1 24 9 9 1 26 4 0 1 22 0 0 1 6 2 3 1 8 0 26 1 21 8 0 1 14 13 0 1 11 14 4 1 19 0 11 1 40 0 19 1 0 0 0 0 34 30 0 1 79 20 8 1 69 23 0 1 62 31 3 1 80 40 3 1 112 21 22 1 107 51 0 1 100 58 21 1 0 0 0 0 151 81 55 1 124 54 54 1 95 62 32 1 52 36 31 1 47 22 16 1 50 25 14 1 71 7 0 1 72 32 0 1 66 50 22 1
24 3 0 1 38 0 6 1 22 18 8 1 21 0 0 1 38 0 9 1 38 16 12 1 17 2 0 1 37 0 2 1 10 2 27 1 8 2 0 1 0 5 0 1 0 0 0 0 28 0 0 1 26 14 2 1 2 0 27 1 6 5 0 1 42 19 14 1 19 4 0 1 17 17 11 1 24 4 0 1 0 0 8 1 19 3 0 1 24 28 13 1 21 12 11 1 32 10 0 1 2 0 0 1 6 7 6 1 0 30 3 1 11 26 0 1 33 5 13 1 30 3 0 1 27 0 9 1 15 2 9 1 0 0 0 0 29 7 0 1 33 9 6 1 33 7 1 1 40 2 6 1 13 1 13 1 0 0 12 1 38 14 17 1 16 0 6 1 28 0 0 1 29 13 0 1 60 12 25 1 45 25 14 1 88 50 25 1 124 67 36 1 133 58 40 1 146 82 79 1 141 70 67 1 130 84 27 1 75 42 9 1 32 34 0 1 0 0 0 0 40 5 21 1 57 43 10 1 48 47 0 1 63 45 21 1 80 59 33 1
4 18 35 1 11 27 1 1 0 0 0 0 8 28 0 1 0 0 0 0 20 0 11 1 24 11 0 1 33 3 17 1 37 0 0 1 9 6 0 1 20 6 27 1 22 0 14 1 30 20 4 1 0 0 0 0 21 0 31 1 34 17 1 1 21 3 0 1 24 0 0 1 21 0 0 1 16 15 11 1 19 1 0 1 34 24 0 1 18 39 0 1 18 1 8 1 0 0 3 1 30 0 15 1 11 9 17 1 30 16 16 1 39 0 6 1 4 0 0 1 27 9 15 1 0 3 18 1 35 35 32 1 50 10 0 1 19 0 4 1 30 9 3 1 14 0 0 1 41 0 1 1 26 21 29 1 16 0 10 1 25 12 37 1 8 0 46 1 2 0 13 1 12 0 5 1 32 15 14 1 71 5 22 1 0 0 0 0 112 31 57 1 118 66 38 1 105 60 19 1 82 22 18 1 62 18 0 1 25 0 6 1 39 3 14 1 0 0 0 0 51 23 14 1 43 39 29 1 0 0 0 0 79 53 19 1 99 45 13 1
50 8 0 1 13 10 19 1 31 7 0 1 34 1 0 1 10 7 5 1 21 8 17 1 0 0 2 1 13 0 3 1 9 0 13 1 16 0 0 1 19 0 0 1 26 12 0 1 17 9 4 1 46 0 8 1 38 0 23 1 6 23 0 1 4 39 4 1 13 12 0 1 4 0 4 1 20 0 0 1 25 10 4 1 35 0 4 1 7 6 0 1 1 15 0 1 8 0 0 1 0 0 0 0 5 0 29 1 5 0 16 1 10 4 14 1 0 29 14 1 29 1 3 1 18 16 0 1 15 20 2 1 7 7 0 1 18 18 0 1 35 13 0 1 25 28 0 1 0 0 0 0 16 0 15 1 17 17 6 1 12 12 12 1 0 13 32 1 0 16 0 1 30 4 14 1 53 0 9 1 39 16 11 1 75 39 5 1 86 41 31 1 88 27 15 1 75 27 8 1 0 0 0 0 58 0 20 1 37 31 18 1 0 0 0 0 16 14 12 1 35 33 41 1 52 46 19 1 67 24 1 1 70 49 0 1 80 32 2 1
21 0 2 1 33 10 0 1 23 26 7 1 9 0 12 1 13 13 0 1 40 0 1 1 23 15 21 1 32 17 18 1 16 15 26 1 19 15 2 1 17 0 19 1 19 0 28 1 0 0 0 0 0 0 0 0 27 8 27 1 17 0 0 1 25 15 18 1 12 0 0 1 27 10 17 1 17 26 10 1 6 13 20 1 4 0 11 1 18 0 10 1 26 14 10 1 16 0 2 1 13 11 26 1 4 0 0 1 12 0 20 1 12 0 9 1 12 0 9 1 0 0 0 0 20 20 11 1 28 7 0 1 36 0 0 1 26 20 8 1 1 14 11 1 0 16 6 1 25 22 0 1 38 20 0 1 25 14 14 1 44 2 0 1 58 0 0 1 47 0 0 1 19 0 0 1 42 0 4 1 74 27 24 1 59 63 5 1 30 0 0 1 24 0 2 1 74 15 0 1 60 10 21 1 46 0 0 1 49 24 4 1 64 22 5 1 51 16 9 1 55 27 26 1 55 9 0 1 59 36 0 1 88 8 0 1 54 15 0 1
25 16 9 1 0 0 0 0 22 6 22 1 14 19 0 1 6 2 7 1 0 4 0 1 35 2 7 1 41 0 0 1 3 8 15 1 0 0 0 1 8 3 2 1 4 13 1 1 5 10 32 1 9 8 0 1 28 16 0 1 29 0 16 1 32 22 0 1 0 12 0 1 14 0 0 1 24 18 13 1 10 0 7 1 6 0 16 1 6 0 21 1 17 3 0 1 5 0 0 1 5 3 2 1 21 18 0 1 21 17 13 1 13 0 32 1 15 0 9 1 1 0 0 1 21 7 4 1 24 21 0 1 35 31 21 1 43 2 0 1 22 10 3 1 34 0 0 1 17 0 17 1 37 24 0 1 34 0 2 1 50 0 0 1 68 28 8 1 77 55 10 1 42 44 22 1 78 14 26 1 82 50 27 1 0 0 0 0 52 11 26 1 65 31 20 1 75 40 12 1 55 12 0 1 46 0 21 1 0 0 0 0 59 34 9 1 0 0 0 0 52 0 18 1 78 10 0 1 76 0 3 1 83 35 31 1 74 37 6 1
23 0 0 1 24 0 13 1 28 0 0 1 21 0 13 1 25 0 2 1 0 10 0 1 28 0 0 1 24 27 7 1 28 0 15 1 21 1 0 1 30 11 5 1 14 12 8 1 45 0 0 1 9 0 0 1 18 12 0 1 12 14 0 1 41 22 35 1 15 13 14 1 6 9 38 1 10 5 6 1 9 6 20 1 36 0 18 1 23 4 15 1 5 18 18 1 23 39 1 1 37 10 3 1 23 5 0 1 32 41 0 1 11 27 18 1 16 12 0 1 0 0 16 1 0 0 0 0 0 0 0 0 36 0 0 1 20 2 2 1 20 6 12 1 35 32 11 1 24 0 17 1 0 30 7 1 30 0 1 1 45 0 0 1 55 20 14 1 65 9 28 1 67 27 0 1 63 13 2 1 54 35 19 1 56 30 8 1 25 5 3 1 40 24 24 1 42 9 5 1 37 0 15 1 46 10 4 1 65 33 14 1 85 26 11 1 39 10 0 1 49 4 0 1 12 23 0 1 60 25 18 1 80 65 12 1 68 34 7 1
17 2 1 1 0 19 0 1 25 20 11 1 17 15 4 1 5 10 5 1 2 2 16 1 14 0 29 1 17 0 14 1 27 43 18 1 38 10 11 1 21 14 0 1 13 4 2 1 0 0 5 1 12 19 30 1 13 7 6 1 26 0 9 1 28 16 0 1 27 27 20 1 0 0 0 0 11 8 0 1 5 27 25 1 27 9 0 1 0 0 17 1 10 0 0 1 0 0 13 1 0 4 1 1 4 0 0 1 21 22 0 1 17 19 0 1 5 6 28 1 25 0 0 1 48 9 0 1 39 11 0 1 31 9 0 1 0 5 0 1 2 17 0 1 26 10 0 1 18 2 28 1 31 21 11 1 25 26 22 1 37 49 7 1 46 11 6 1 33 25 0 1 54 0 0 1 23 10 0 1 42 0 0 1 29 20 0 1 29 1 0 1 29 7 0 1 57 35 20 1 36 8 0 1 59 0 13 1 54 34 18 1 59 59 15 1 54 6 22 1 54 16 0 1 50 2 0 1 63 7 8 1 80 28 30 1 0 0 0 0
0 0 0 0 5 7 0 1 3 13 8 1 32 22 12 1 26 0 0 1 0 0 0 0 24 8 0 1 6 3 16 1 28 0 0 1 15 0 10 1 26 0 18 1 16 4 0 1 13 0 14 1 9 4 16 1 11 6 6 1 39 8 2 1 26 24 26 1 41 0 2 1 18 6 0 1 13 20 17 1 48 9 0 1 0 5 0 1 9 0 0 1 3 0 11 1 7 2 21 1 5 0 4 1 30 11 0 1 17 6 26 1 26 0 0 1 16 6 12 1 2 0 11 1 0 21 9 1 16 12 12 1 30 31 10 1 0 12 1 1 21 11 7 1 0 0 0 0 40 5 6 1 16 0 3 1 7 14 0 1 30 15 0 1 32 14 16 1 26 18 23 1 32 9 0 1 46 27 19 1 52 13 7 1 11 5 0 1 55 0 0 1 26 14 0 1 32 18 0 1 10 0 0 1 55 3 3 1 30 21 2 1 21 30 2 1 53 23 4 1 30 16 3 1 21 28 0 1 50 12 0 1 43 20 24 1 61 14 12 1
16 15 0 1 17 1 0 1 0 0 11 1 27 0 4 1 27 0 13 1 12 3 7 1 0 0 0 0 0 19 9 1 3 11 14 1 19 0 22 1 32 0 1 1 16 6 8 1 22 28 4 1 36 33 12 1 25 9 9 1 45 14 0 1 34 25 5 1 27 11 0 1 0 0 0 0 6 19 18 1 0 0 0 0 0 0 5 1 16 0 0 1 5 26 1 1 5 5 12 1 36 41 3 1 0 14 6 1 4 16 5 1 16 10 4 1 16 39 8 1 11 0 6 1 16 0 11 1 12 3 0 1 36 0 20 1 29 0 14 1 0 0 0 1 27 12 23 1 39 25 25 1 70 6 5 1 0 0 0 0 27 7 1 1 36 29 0 1 35 36 24 1 48 19 35 1 42 19 9 1 21 20 16 1 24 0 0 1 17 17 0 1 22 20 0 1 43 5 12 1 51 7 11 1 5 0 0 1 6 17 18 1 24 13 0 1 33 14 2 1 52 22 15 1 32 0 0 1 22 0 0 1 39 15 2 1 50 2 0 1
0 0 0 0 16 0 11 1 42 1 4 1 2 6 0 1 0 38 28 1 29 0 25 1 36 0 13 1 25 0 0 1 2 11 33 1 14 0 15 1 2 0 21 1 40 19 6 1 17 0 6 1 51 0 12 1 0 0 0 0 6 15 15 1 11 22 9 1 20 23 6 1 14 6 8 1 13 0 13 1 0 0 4 1 22 3 40 1 23 23 5 1 16 0 2 1 8 0 26 1 0 0 0 0 18 4 6 1 26 1 5 1 33 9 18 1 9 19 7 1 31 0 8 1 17 0 0 1 16 0 24 1 13 0 0 1 46 0 12 1 25 15 21 1 37 8 1 1 32 35 15 1 38 16 5 1 22 19 9 1 37 5 21 1 33 13 25 1 21 15 32 1 46 8 23 1 38 0 0 1 42 17 3 1 41 0 0 1 41 0 11 1 32 14 7 1 25 3 0 1 23 0 5 1 26 9 6 1 43 0 0 1 21 6 16 1 16 11 0 1 33 8 19 1 24 19 12 1 40 24 10 1 38 8 6 1 4 20 0 1
21 14 0 1 25 0 6 1 31 14 0 1 25 1 4 1 16 0 0 1 0 6 0 1 20 1 0 1 14 9 14 1 12 3 0 1 26 3 0 1 18 0 0 1 42 8 0 1 0 8 6 1 0 23 1 1 15 13 0 1 8 0 0 1 26 14 2 1 0 0 0 0 17 26 6 1 35 13 19 1 0 0 0 0 35 6 0 1 34 5 15 1 0 0 2 1 12 0 4 1 12 0 36 1 0 0 8 1 27 26 6 1 22 0 15 1 0 0 0 1 18 0 16 1 25 0 3 1 37 15 9 1 40 9 7 1 0 15 11 1 9 21 25 1 22 26 17 1 44 35 0 1 27 0 5 1 10 6 19 1 0 0 0 0 28 12 0 1 25 49 8 1 26 0 19 1 0 0 0 1 0 6 0 1 29 0 18 1 18 0 0 1 0 14 9 1 24 4 0 1 19 0 0 1 44 1 12 1 4 8 45 1 25 7 15 1 18 7 13 1 21 0 8 1 11 26 8 1 34 28 0 1 26 12 0 1 25 4 12 1
39 0 0 1 32 0 11 1 30 4 14 1 0 0 0 0 35 4 8 1 11 27 7 1 30 13 14 1 0 0 0 0 15 0 5 1 9 0 35 1 7 0 12 1 12 0 17 1 0 0 0 0 8 22 14 1 37 0 10 1 11 14 36 1 8 35 0 1 31 0 13 1 6 0 9 1 17 25 18 1 21 14 6 1 0 0 0 0 14 6 8 1 11 27 0 1 3 15 0 1 0 0 0 0 24 2 15 1 0 0 0 1 24 6 0 1 3 22 9 1 3 17 1 1 40 16 2 1 26 0 10 1 8 24 0 1 12 0 0 1 26 23 0 1 36 0 0 1 36 7 0 1 23 14 12 1 16 21 4 1 43 25 28 1 16 24 26 1 0 0 0 0 9 0 0 1 27 0 5 1 17 7 0 1 23 10 10 1 0 3 0 1 29 6 0 1 17 0 11 1 11 9 14 1 1 0 0 1 0 0 0 0 31 19 17 1 12 14 0 1 8 14 0 1 19 1 5 1 13 14 0 1 26 13 0 1 45 8 0 1
16 18 12 1 23 9 3 1 19 19 2 1 26 0 4 1 36 0 7 1 19 18 0 1 0 0 0 1 19 0 19 1 14 0 1 1 7 26 11 1 0 28 0 1 37 0 17 1 25 3 0 1 17 4 32 1 24 12 0 1 18 0 15 1 6 0 0 1 0 6 5 1 0 0 0 0 0 0 0 0 0 0 29 1 31 11 25 1 0 29 5 1 2 0 0 1 6 0 10 1 14 14 16 1 6 0 0 1 12 12 6 1 0 5 7 1 24 9 26 1 27 0 0 1 0 3 0 1 0 0 0 0 46 3 3 1 28 26 9 1 29 0 17 1 40 0 0 1 63 38 0 1 22 31 11 1 32 63 8 1 25 6 41 1 14 0 35 1 13 9 15 1 19 4 17 1 26 3 5 1 16 4 11 1 38 1 9 1 21 0 0 1 36 0 0 1 18 23 0 1 1 4 1 1 14 8 0 1 0 0 0 0 29 18 0 1 23 7 12 1 27 3 2 1 0 0 0 0 40 0 6 1 19 0 12 1 37 3 0 1
29 26 13 1 6 21 6 1 14 0 0 1 0 0 0 0 22 0 6 1 17 6 0 1 25 1 0 1 0 8 7 1 26 14 0 1 0 0 0 0 19 0 0 1 26 19 4 1 2 0 0 1 7 15 1 1 0 0 6 1 24 0 4 1 20 3 5 1 36 0 13 1 13 7 0 1 38 0 3 1 0 24 0 1 0 0 0 0 0 0 0 0 18 12 0 1 4 17 13 1 27 28 0 1 45 0 11 1 5 0 0 1 13 0 17 1 9 0 19 1 12 21 11 1 27 0 13 1 10 26 0 1 20 4 14 1 12 25 6 1 22 10 1 1 23 6 8 1 38 12 5 1 49 26 42 1 47 24 42 1 7 1 1 1 22 13 23 1 24 21 13 1 0 7 6 1 16 2 5 1 36 9 6 1 27 0 0 1 0 9 3 1 0 0 12 1 19 6 8 1 17 14 1 1 0 0 0 1 14 17 16 1 31 49 18 1 2 0 7 1 15 0 16 1 21 0 1 1 0 0 0 1 0 0 0 1 16 0 0 1
33 16 0 1 4 8 0 1 22 4 0 1 28 0 0 1 26 0 16 1 15 28 0 1 26 16 23 1 0 14 16 1 0 0 30 1 20 0 0 1 28 5 17 1 3 4 3 1 12 0 0 1 12 5 19 1 21 20 18 1 23 2 1 1 22 9 14 1 24 14 0 1 35 0 16 1 25 0 0 1 30 14 12 1 0 3 10 1 21 6 0 1 0 12 0 1 38 9 7 1 34 14 5 1 4 24 21 1 28 21 34 1 0 16 1 1 14 13 0 1 13 16 14 1 11 0 8 1 20 0 7 1 0 0 0 0 13 0 10 1 0 0 0 0 18 9 1 1 40 0 2 1 39 12 6 1 30 18 0 1 3 0 6 1 25 0 4 1 20 2 37 1 22 14 0 1 25 4 12 1 35 0 9 1 10 0 7 1 15 10 0 1 4 0 0 1 21 0 30 1 18 17 26 1 3 0 35 1 0 20 6 1 19 1 0 1 0 0 4 1 0 0 0 1 22 5 0 1 26 10 0 1 5 15 0 1 15 0 14 1
29 0 1 1 12 21 29 1 26 0 18 1 23 11 0 1 5 0 5 1 24 20 8 1 28 18 8 1 5 18 11 1 14 15 11 1 0 0 28 1 28 13 13 1 11 12 15 1 23 0 9 1 0 0 0 1 37 0 15 1 41 8 0 1 0 0 0 0 0 0 0 0 4 0 0 1 16 11 0 1 35 3 0 1 27 9 15 1 24 30 0 1 8 0 10 1 0 0 3 1 3 0 2 1 0 0 0 0 7 13 15 1 4 11 12 1 23 0 0 1 19 0 3 1 6 4 0 1 0 0 0 1 12 3 11 1 4 0 0 1 19 0 3 1 39 0 0 1 31 12 6 1 29 23 3 1 0 0 10 1 32 11 6 1 14 0 4 1 37 21 3 1 18 0 3 1 19 0 0 1 2 16 6 1 18 4 13 1 21 0 10 1 0 5 0 1 0 0 0 0 0 0 0 1 2 9 5 1 0 0 0 0 38 6 6 1 0 0 0 0 0 5 0 1 18 20 0 1 16 0 0 1 17 10 11 1 25 3 8 1
4 0 28 1 19 5 9 1 0 0 0 0 28 10 0 1 26 0 12 1 15 3 33 1 0 0 0 0 30 7 0 1 13 0 0 1 37 30 26 1 24 22 0 1 24 37 5 1 0 0 0 0 10 2 0 1 25 6 0 1 23 7 0 1 0 0 0 0 0 0 16 1 11 2 8 1 57 7 0 1 4 7 0 1 13 13 0 1 17 23 17 1 25 10 15 1 7 13 0 1 0 1 14 1 9 9 0 1 27 12 0 1 26 0 8 1 28 8 7 1 2 3 17 1 9 1 0 1 32 21 11 1 10 1 0 1 32 0 28 1 2 0 0 1 40 8 0 1 25 15 5 1 5 9 12 1 23 23 0 1 22 10 0 1 0 4 0 1 12 0 0 1 0 0 0 0 22 7 0 1 4 36 0 1 30 15 4 1 0 0 0 0 33 0 0 1 16 10 0 1 12 2 7 1 33 3 13 1 1 6 1 1 0 0 1 1 19 3 4 1 13 6 4 1 28 4 0 1 30 0 0 1 6 6 8 1 17 0 0 1
14 0 0 1 19 0 0 1 26 30 3 1 15 7 26 1 9 13 22 1 28 13 4 1 0 0 0 0 32 0 0 1 21 4 1 1 0 0 0 0 19 2 18 1 22 0 9 1 14 2 0 1 6 0 28 1 17 19 16 1 14 33 0 1 23 0 0 1 35 18 2 1 6 0 26 1 18 0 12 1 29 4 0 1 11 0 0 1 19 13 0 1 0 6 0 1 14 0 29 1 9 0 18 1 5 0 18 1 0 0 0 0 14 0 8 1 19 4 0 1 12 0 0 1 24 23 12 1 27 0 0 1 16 7 0 1 23 13 0 1 5 0 0 1 26 36 7 1 8 21 6 1 24 1 0 1 34 21 0 1 4 23 24 1 22 0 0 1 24 25 14 1 20 20 0 1 25 0 10 1 32 3 4 1 2 9 32 1 31 21 24 1 0 12 6 1 19 20 10 1 14 0 0 1 6 0 15 1 22 14 0 1 23 2 11 1 10 0 0 1 36 13 9 1 8 5 0 1 29 0 20 1 30 4 24 1 3 17 16 1
9 0 7 1 15 11 0 1 0 21 2 1 9 11 12 1 11 8 6 1 19 14 0 1 11 13 0 1 53 0 0 1 30 0 17 1 31 17 4 1 4 0 0 1 7 5 0 1 0 0 0 0 12 12 0 1 25 5 2 1 14 5 0 1 0 2 15 1 15 10 0 1 0 0 6 1 4 10 0 1 0 0 0 0 1 0 14 1 0 0 0 0 19 12 1 1 30 16 0 1 45 0 0 1 15 5 0 1 26 22 0 1 27 10 0 1 3 0 0 1 25 0 6 1 36 5 0 1 20 0 0 1 24 0 4 1 0 0 6 1 24 0 15 1 32 0 11 1 25 17 0 1 20 0 5 1 4 19 24 1 14 18 2 1 0 14 7 1 29 0 13 1 13 7 14 1 0 8 0 1 3 4 0 1 15 0 21 1 20 0 0 1 15 17 32 1 0 0 15 1 0 0 13 1 18 11 4 1 0 0 7 1 41 19 16 1 8 14 0 1 11 4 20 1 16 0 0 1 0 9 9 1 27 7 0 1 29 5 2 1
