2
54 28 94 60
210 102 18 1 0 0 0 0 0 0 0 0 196 153 26 1 197 98 17 1 197 87 14 1 166 125 17 1 172 102 7 1 223 125 15 1 0 0 0 0 0 0 0 0 199 133 18 1 198 118 37 1 188 149 36 1 191 105 21 1 203 102 16 1 178 93 16 1 189 127 8 1 178 118 9 1 181 89 16 1 195 96 38 1 0 0 0 0 238 142 14 1 217 156 38 1 203 106 26 1 0 0 0 0 188 96 25 1 146 62 0 1 167 100 37 1 173 115 47 1 208 99 32 1 185 89 50 1 164 95 48 1 187 138 61 1 178 126 85 1 157 85 17 1 165 91 52 1 167 96 70 1 203 124 108 1 197 133 84 1 192 130 130 1 212 121 101 1 203 155 95 1 226 132 112 1 227 186 128 1 0 0 0 0 236 212 156 1 0 0 0 0 251 204 164 1 0 0 0 0 253 218 159 1 0 0 0 0 174 138 102 1 108 50 36 1 81 35 17 1 95 42 24 1 109 45 21 1 79 26 18 1 88 56 44 1 97 82 35 1
176 90 0 1 168 112 38 1 187 109 14 1 168 74 0 1 181 113 13 1 186 105 38 1 198 94 16 1 223 133 34 1 0 0 0 0 211 100 37 1 194 136 42 1 198 122 21 1 239 140 48 1 230 122 26 1 220 109 9 1 199 121 8 1 211 130 21 1 214 112 14 1 208 119 12 1 210 118 31 1 216 139 0 1 204 134 15 1 203 134 16 1 214 127 44 1 188 100 10 1 0 0 0 0 164 93 15 1 98 35 0 1 177 99 48 1 189 131 57 1 167 94 14 1 136 68 11 1 116 63 34 1 0 0 0 0 0 0 0 0 143 119 95 1 167 76 38 1 137 84 63 1 172 123 73 1 196 114 92 1 231 145 91 1 202 132 66 1 196 124 98 1 194 98 107 1 199 175 102 1 209 183 124 1 249 186 131 1 223 173 115 1 245 164 151 1 240 195 173 1 241 194 158 1 237 173 159 1 205 161 162 1 135 131 88 1 96 60 37 1 104 27 17 1 61 36 18 1 67 28 22 1 76 77 48 1 101 78 61 1
197 99 35 1 192 116 0 1 172 106 15 1 0 0 0 0 201 83 20 1 186 100 0 1 201 129 17 1 198 121 33 1 200 89 26 1 232 122 20 1 0 0 0 0 215 127 33 1 206 115 0 1 200 100 29 1 190 109 21 1 169 115 14 1 199 104 4 1 197 106 11 1 188 112 28 1 210 98 0 1 176 122 26 1 211 114 0 1 229 110 59 1 205 127 40 1 216 154 42 1 196 126 11 1 126 18 0 1 186 99 3 1 195 138 74 1 178 85 23 1 118 75 1 1 123 51 0 1 147 77 20 1 208 132 29 1 183 133 95 1 126 87 46 1 116 86 30 1 108 68 18 1 144 93 28 1 148 85 55 1 210 111 70 1 206 116 58 1 203 131 94 1 229 141 99 1 0 0 0 0 215 163 116 1 218 156 133 1 225 147 113 1 234 155 138 1 238 190 139 1 245 152 146 1 249 166 145 1 241 161 108 1 217 159 108 1 200 157 107 1 147 92 46 1 108 54 41 1 109 75 18 1 108 28 34 1 66 24 0 1
185 109 3 1 168 103 30 1 163 86 0 1 202 77 36 1 199 85 16 1 203 120 44 1 195 95 27 1 185 136 20 1 190 130 26 1 233 109 31 1 207 120 18 1 206 122 27 1 200 118 38 1 220 116 37 1 228 125 37 1 209 119 25 1 202 116 44 1 193 111 27 1 179 128 38 1 199 92 11 1 200 125 9 1 197 101 18 1 202 129 5 1 198 105 15 1 208 105 25 1 210 91 38 1 142 60 22 1 0 0 0 0 193 122 65 1 165 69 24 1 124 55 12 1 171 75 3 1 181 114 52 1 148 98 56 1 168 115 69 1 131 77 61 1 158 107 88 1 160 124 71 1 148 108 70 1 127 81 43 1 128 65 33 1 116 63 34 1 168 88 48 1 187 110 71 1 197 118 73 1 204 147 108 1 212 151 101 1 189 140 106 1 194 153 122 1 218 155 92 1 229 148 98 1 239 148 141 1 227 200 138 1 0 0 0 0 241 208 153 1 226 210 144 1 229 199 135 1 230 205 164 1 209 171 136 1 202 172 117 1
189 106 14 1 173 118 3 1 158 92 22 1 0 0 0 0 182 111 15 1 230 111 28 1 190 120 15 1 230 108 37 1 203 153 54 1 231 143 46 1 225 158 48 1 185 149 12 1 204 123 27 1 201 141 20 1 0 0 0 0 219 111 41 1 207 113 6 1 189 113 9 1 200 118 14 1 0 0 0 0 211 118 25 1 202 128 13 1 225 120 10 1 209 112 21 1 200 115 32 1 185 104 22 1 155 64 3 1 178 110 13 1 168 89 27 1 141 41 20 1 161 78 0 1 207 72 38 1 149 97 46 1 116 65 0 1 140 123 82 1 210 168 120 1 154 110 70 1 155 88 64 1 109 85 13 1 0 0 0 0 147 55 43 1 118 86 62 1 127 66 36 1 0 0 0 0 184 103 96 1 222 141 99 1 217 145 125 1 206 129 82 1 213 144 118 1 222 154 130 1 208 161 122 1 0 0 0 0 215 199 142 1 203 174 126 1 212 170 129 1 210 185 123 1 220 204 140 1 227 195 131 1 208 177 121 1 203 162 139 1
188 84 17 1 176 106 4 1 191 102 0 1 0 0 0 0 191 93 24 1 212 104 24 1 222 124 31 1 0 0 0 0 241 150 80 1 222 141 55 1 217 133 37 1 192 129 28 1 217 106 21 1 215 116 28 1 194 102 0 1 187 121 26 1 230 119 38 1 0 0 0 0 208 133 21 1 215 109 40 1 185 136 25 1 220 110 29 1 196 125 41 1 243 131 14 1 223 116 43 1 201 110 1 1 169 106 25 1 191 83 31 1 175 85 8 1 157 90 0 1 188 103 38 1 168 98 22 1 0 0 0 0 133 58 10 1 192 127 130 1 217 181 154 1 71 89 19 1 0 0 0 0 160 124 68 1 204 146 134 1 200 115 88 1 0 0 0 0 149 54 38 1 191 102 63 1 149 100 32 1 187 99 59 1 211 107 96 1 200 131 128 1 206 156 131 1 231 165 161 1 216 166 143 1 226 165 162 1 255 208 169 1 238 192 190 1 234 193 113 1 215 185 148 1 235 192 144 1 255 197 163 1 255 205 142 1 247 195 144 1
195 90 25 1 172 97 14 1 201 95 32 1 0 0 0 0 174 98 0 1 170 142 1 1 195 136 18 1 203 133 45 1 211 159 44 1 207 136 22 1 212 113 16 1 167 108 34 1 200 139 35 1 0 0 0 0 224 143 6 1 227 120 6 1 208 126 50 1 217 137 39 1 214 128 53 1 197 136 43 1 222 110 13 1 213 144 32 1 196 134 56 1 221 137 48 1 192 106 19 1 197 101 15 1 205 101 45 1 173 91 14 1 177 97 13 1 175 73 7 1 171 89 23 1 196 66 9 1 184 84 45 1 155 120 18 1 157 85 70 1 173 110 79 1 142 107 84 1 211 167 133 1 255 207 142 1 238 186 143 1 152 109 78 1 127 65 64 1 135 69 33 1 85 81 30 1 0 0 0 0 160 109 52 1 180 114 84 1 192 147 116 1 195 142 120 1 182 134 114 1 0 0 0 0 222 172 150 1 184 165 134 1 217 186 156 1 236 194 161 1 234 189 163 1 227 197 159 1 208 190 135 1 236 216 132 1 237 211 159 1
174 102 15 1 0 0 0 0 161 81 0 1 175 101 0 1 0 0 0 0 197 82 0 1 211 123 24 1 191 145 15 1 167 117 27 1 195 118 17 1 203 132 24 1 216 136 30 1 191 125 31 1 204 121 38 1 201 128 15 1 223 119 34 1 207 117 9 1 184 120 40 1 249 146 34 1 211 118 18 1 206 120 32 1 186 112 19 1 206 100 0 1 185 112 30 1 161 143 31 1 0 0 0 0 200 116 44 1 195 111 38 1 189 92 28 1 191 101 0 1 0 0 0 0 175 78 0 1 141 96 33 1 164 115 53 1 144 110 72 1 158 147 84 1 232 209 186 1 237 183 175 1 209 188 154 1 186 141 101 1 154 81 81 1 117 72 35 1 129 108 44 1 144 110 66 1 217 167 130 1 200 154 94 1 188 147 151 1 218 174 167 1 246 207 157 1 0 0 0 0 242 190 149 1 255 204 210 1 243 221 180 1 233 209 147 1 245 255 192 1 0 0 0 0 0 0 0 0 255 207 183 1 233 199 165 1 233 189 147 1
165 87 11 1 175 86 14 1 184 109 18 1 174 94 1 1 220 125 53 1 198 122 21 1 195 114 12 1 211 105 9 1 209 131 12 1 199 95 25 1 181 156 15 1 185 117 0 1 231 140 21 1 184 111 36 1 198 121 11 1 195 127 24 1 207 133 6 1 185 121 30 1 172 100 0 1 180 119 55 1 205 95 0 1 207 91 0 1 212 110 0 1 192 113 14 1 207 95 19 1 200 104 5 1 192 93 49 1 214 110 45 1 173 94 23 1 204 102 52 1 164 85 23 1 184 87 8 1 161 90 21 1 164 112 38 1 159 124 83 1 0 0 0 0 233 221 204 1 209 166 153 1 173 128 113 1 177 117 123 1 165 115 87 1 122 82 51 1 177 134 108 1 231 208 160 1 243 228 168 1 234 168 144 1 193 161 139 1 0 0 0 0 239 204 171 1 245 239 172 1 0 0 0 0 248 244 196 1 0 0 0 0 228 201 162 1 254 217 184 1 230 230 164 1 239 197 177 1 255 211 193 1 235 200 214 1 235 210 199 1
194 118 35 1 191 113 38 1 193 105 5 1 174 119 38 1 241 139 32 1 175 117 12 1 169 110 0 1 202 76 9 1 183 127 1 1 196 110 42 1 192 108 0 1 167 104 19 1 199 96 0 1 0 0 0 0 207 80 35 1 193 115 0 1 182 115 1 1 202 97 21 1 197 111 28 1 200 115 22 1 186 100 0 1 202 124 25 1 206 111 25 1 189 123 7 1 203 116 19 1 178 113 14 1 196 103 30 1 200 95 33 1 181 110 32 1 181 87 28 1 176 93 26 1 171 101 37 1 177 98 49 1 0 0 0 0 156 97 82 1 246 213 187 1 255 206 179 1 188 125 116 1 116 69 79 1 133 95 91 1 186 122 88 1 190 149 112 1 220 176 122 1 210 213 156 1 226 189 157 1 211 177 136 1 204 175 148 1 252 174 153 1 241 202 136 1 243 208 183 1 223 220 167 1 221 201 176 1 213 195 182 1 139 110 98 1 201 170 116 1 194 179 126 1 200 178 145 1 225 199 154 1 218 186 188 1 235 207 180 1
191 131 36 1 177 101 6 1 152 100 8 1 172 109 28 1 159 100 8 1 175 96 1 1 0 0 0 0 181 95 33 1 221 119 26 1 198 106 41 1 208 146 16 1 194 112 26 1 0 0 0 0 202 120 39 1 217 105 45 1 180 134 4 1 211 119 9 1 205 121 37 1 205 99 25 1 203 120 11 1 202 82 22 1 204 92 0 1 0 0 0 0 181 95 14 1 182 109 2 1 204 94 0 1 198 100 2 1 196 95 34 1 192 115 16 1 214 108 25 1 189 138 45 1 195 109 20 1 172 112 62 1 171 70 41 1 131 89 70 1 255 213 172 1 255 211 209 1 199 148 139 1 181 143 109 1 185 128 111 1 147 96 62 1 157 117 111 1 189 163 139 1 224 187 119 1 196 151 152 1 191 119 65 1 180 164 91 1 219 136 116 1 0 0 0 0 194 158 117 1 142 159 88 1 131 117 93 1 159 140 89 1 159 132 72 1 164 144 97 1 214 178 121 1 211 172 147 1 203 190 146 1 204 168 153 1 233 199 155 1
0 0 0 0 182 97 19 1 183 80 23 1 163 88 26 1 178 89 18 1 195 105 21 1 195 96 13 1 199 141 30 1 227 127 22 1 225 92 22 1 216 124 45 1 205 142 23 1 236 100 37 1 192 120 44 1 196 119 32 1 187 115 9 1 0 0 0 0 205 116 12 1 206 126 31 1 202 115 25 1 178 104 10 1 211 125 36 1 234 114 17 1 205 131 26 1 188 101 9 1 0 0 0 0 161 139 5 1 208 123 21 1 201 107 46 1 201 125 62 1 191 116 30 1 0 0 0 0 223 151 95 1 173 79 47 1 105 59 25 1 193 162 140 1 255 207 187 1 0 0 0 0 197 158 130 1 184 147 118 1 125 101 85 1 191 135 120 1 173 147 114 1 190 138 99 1 160 140 95 1 142 118 50 1 190 147 98 1 171 148 115 1 181 152 99 1 207 145 102 1 174 143 95 1 158 149 85 1 189 184 140 1 218 176 148 1 202 186 138 1 214 182 147 1 238 235 160 1 193 193 157 1 213 188 149 1 209 172 160 1
0 0 0 0 167 111 3 1 174 104 9 1 141 76 0 1 173 121 18 1 165 118 20 1 202 107 14 1 198 112 30 1 196 111 21 1 209 108 22 1 217 119 15 1 212 103 21 1 205 114 0 1 210 108 0 1 220 139 0 1 195 125 37 1 205 136 30 1 205 111 4 1 169 111 29 1 176 124 22 1 233 117 14 1 213 118 33 1 197 102 18 1 197 145 27 1 195 117 4 1 211 114 27 1 189 117 22 1 0 0 0 0 221 103 22 1 194 120 36 1 201 89 56 1 210 155 51 1 229 152 145 1 151 91 17 1 64 26 21 1 150 121 91 1 0 0 0 0 171 164 109 1 195 189 149 1 0 0 0 0 167 119 87 1 168 146 122 1 183 145 102 1 176 153 98 1 196 128 136 1 189 160 117 1 214 177 125 1 192 161 124 1 164 127 107 1 178 147 93 1 212 163 104 1 190 137 127 1 120 95 76 1 185 146 117 1 210 141 113 1 173 111 85 1 186 141 100 1 0 0 0 0 0 0 0 0 214 184 144 1
205 89 8 1 169 89 37 1 177 115 29 1 171 94 45 1 202 107 36 1 0 0 0 0 206 120 21 1 213 96 33 1 198 133 20 1 194 131 19 1 208 147 15 1 195 140 11 1 216 99 36 1 196 119 23 1 196 123 22 1 213 111 33 1 219 114 31 1 220 126 0 1 189 101 16 1 191 89 7 1 222 139 47 1 203 129 46 1 234 116 40 1 219 124 17 1 173 90 3 1 193 108 0 1 191 131 18 1 212 119 14 1 189 97 14 1 197 97 19 1 201 133 79 1 242 158 79 1 216 135 94 1 126 53 7 1 57 17 1 1 97 26 32 1 170 179 139 1 214 185 140 1 243 212 169 1 215 203 166 1 167 131 97 1 189 213 148 1 194 143 118 1 183 152 135 1 246 167 119 1 169 162 127 1 175 167 83 1 0 0 0 0 156 137 66 1 137 127 88 1 179 115 109 1 178 159 91 1 149 115 45 1 172 129 85 1 185 154 94 1 171 123 81 1 155 128 113 1 164 122 95 1 173 136 112 1 0 0 0 0
213 126 36 1 182 124 30 1 184 115 19 1 0 0 0 0 200 117 24 1 186 115 48 1 182 119 3 1 176 118 2 1 194 90 0 1 204 100 16 1 212 114 16 1 209 102 0 1 208 116 18 1 196 128 14 1 238 140 5 1 0 0 0 0 210 110 36 1 211 113 15 1 182 117 12 1 182 117 22 1 212 132 19 1 202 126 16 1 219 117 0 1 216 100 35 1 205 127 3 1 205 84 10 1 196 90 26 1 194 107 20 1 170 82 19 1 191 112 37 1 252 160 59 1 254 159 127 1 200 117 104 1 107 67 18 1 43 16 7 1 75 15 0 1 190 166 133 1 243 227 212 1 253 239 187 1 214 173 154 1 231 186 155 1 238 214 181 1 222 185 147 1 0 0 0 0 197 166 140 1 177 153 102 1 196 139 111 1 184 150 124 1 205 138 109 1 180 150 123 1 194 164 136 1 201 122 142 1 192 173 118 1 237 172 159 1 241 172 143 1 208 223 148 1 231 180 151 1 243 206 164 1 241 207 179 1 235 200 206 1
190 109 33 1 201 108 26 1 194 123 8 1 183 92 3 1 188 102 17 1 193 80 0 1 193 95 7 1 207 79 0 1 162 92 7 1 166 102 16 1 157 114 0 1 175 123 15 1 210 104 14 1 206 140 23 1 0 0 0 0 202 109 35 1 207 125 31 1 229 112 38 1 210 104 35 1 204 125 21 1 201 115 1 1 216 101 12 1 193 104 21 1 185 82 15 1 212 86 23 1 181 85 3 1 0 0 0 0 159 87 0 1 183 89 45 1 0 0 0 0 235 164 118 1 243 194 95 1 191 114 100 1 134 41 34 1 73 14 26 1 68 21 0 1 155 129 94 1 235 211 170 1 219 213 168 1 191 194 154 1 217 199 198 1 253 182 173 1 229 183 153 1 228 207 154 1 200 164 163 1 197 159 134 1 197 176 129 1 210 198 154 1 168 152 142 1 210 162 144 1 217 177 157 1 209 182 134 1 224 176 152 1 218 167 150 1 214 202 150 1 0 0 0 0 206 162 147 1 222 183 134 1 215 180 152 1 235 170 132 1
188 109 24 1 192 129 16 1 186 124 17 1 199 120 0 1 0 0 0 0 192 93 32 1 206 135 34 1 204 103 35 1 190 106 26 1 205 92 0 1 171 90 10 1 197 105 25 1 201 97 9 1 188 75 7 1 207 134 7 1 241 118 18 1 210 132 37 1 208 93 22 1 202 118 30 1 204 108 31 1 224 116 0 1 189 114 13 1 0 0 0 0 197 112 5 1 172 98 0 1 186 84 19 1 171 98 29 1 192 111 29 1 228 148 72 1 241 165 93 1 224 151 97 1 255 156 96 1 189 109 83 1 135 71 47 1 71 16 17 1 69 26 17 1 37 30 0 1 121 110 85 1 143 140 119 1 210 158 133 1 215 162 173 1 223 212 186 1 232 198 162 1 222 216 189 1 227 196 171 1 0 0 0 0 229 168 156 1 207 185 138 1 183 144 138 1 170 146 102 1 238 178 131 1 0 0 0 0 0 0 0 0 203 196 142 1 217 182 130 1 214 168 159 1 255 205 166 1 0 0 0 0 255 200 169 1 218 206 155 1
187 135 25 1 245 116 7 1 204 103 3 1 190 102 12 1 0 0 0 0 188 102 26 1 200 92 26 1 176 102 29 1 210 65 14 1 201 95 0 1 175 91 21 1 187 110 23 1 198 107 40 1 215 102 27 1 192 102 16 1 205 89 11 1 227 113 25 1 184 116 27 1 196 95 21 1 209 110 33 1 196 126 26 1 228 122 0 1 193 114 26 1 230 115 10 1 240 113 20 1 195 118 34 1 203 98 25 1 227 115 39 1 253 163 93 1 200 155 110 1 239 146 114 1 216 143 100 1 219 91 99 1 121 70 30 1 0 0 0 0 40 24 11 1 53 57 6 1 98 79 23 1 156 146 124 1 217 222 163 1 215 202 205 1 220 190 173 1 243 193 159 1 251 203 167 1 203 189 137 1 228 208 179 1 217 165 111 1 189 189 136 1 190 170 131 1 0 0 0 0 0 0 0 0 216 205 160 1 199 173 172 1 228 214 188 1 206 180 166 1 0 0 0 0 0 0 0 0 240 218 153 1 255 199 145 1 218 180 126 1
207 113 14 1 175 89 38 1 181 112 42 1 171 109 14 1 164 97 12 1 209 92 37 1 179 93 25 1 192 101 28 1 205 111 0 1 208 116 25 1 196 99 0 1 181 91 0 1 0 0 0 0 173 113 32 1 175 103 25 1 165 79 4 1 193 79 23 1 208 102 25 1 0 0 0 0 199 120 34 1 193 93 0 1 215 91 2 1 212 121 35 1 183 112 6 1 0 0 0 0 190 73 21 1 0 0 0 0 249 147 76 1 235 158 112 1 237 143 104 1 224 126 74 1 243 148 137 1 212 163 104 1 165 85 78 1 0 0 0 0 72 38 1 1 31 28 9 1 0 0 0 0 133 103 88 1 219 192 168 1 0 0 0 0 190 181 147 1 209 152 144 1 215 189 185 1 201 168 155 1 217 195 183 1 247 215 172 1 208 215 164 1 248 192 170 1 255 193 175 1 255 205 199 1 250 244 175 1 242 168 184 1 206 216 190 1 246 223 199 1 244 219 157 1 255 222 191 1 0 0 0 0 219 168 112 1 211 156 124 1
189 148 15 1 190 98 21 1 197 107 21 1 193 118 22 1 0 0 0 0 195 114 28 1 203 91 34 1 183 87 13 1 199 106 18 1 202 138 60 1 198 101 28 1 190 105 25 1 198 100 3 1 174 73 33 1 175 75 0 1 221 103 30 1 217 102 0 1 185 81 37 1 203 119 22 1 179 93 0 1 181 106 0 1 210 119 9 1 220 101 23 1 209 114 19 1 205 113 23 1 170 96 22 1 209 103 47 1 244 179 71 1 208 136 74 1 218 132 51 1 228 135 91 1 229 145 73 1 212 143 124 1 205 133 83 1 127 86 55 1 92 35 30 1 124 69 54 1 104 88 80 1 129 109 83 1 204 152 142 1 235 201 178 1 236 229 182 1 239 225 182 1 233 195 197 1 239 205 193 1 244 197 175 1 242 211 186 1 205 168 172 1 249 175 170 1 243 187 173 1 227 200 169 1 224 215 160 1 243 203 171 1 219 164 183 1 233 193 168 1 254 214 165 1 237 177 166 1 209 170 156 1 233 210 161 1 239 169 137 1
0 0 0 0 188 98 22 1 199 121 20 1 152 98 17 1 196 132 24 1 211 120 28 1 216 99 25 1 181 120 32 1 201 122 14 1 206 116 18 1 209 150 16 1 0 0 0 0 199 127 12 1 203 91 20 1 180 138 16 1 192 96 9 1 188 98 35 1 199 94 22 1 180 113 7 1 0 0 0 0 206 113 2 1 0 0 0 0 236 142 30 1 210 126 24 1 222 119 53 1 224 140 35 1 215 141 69 1 241 156 90 1 215 145 71 1 213 141 101 1 228 125 106 1 241 152 101 1 213 139 107 1 0 0 0 0 145 78 67 1 70 54 7 1 60 39 20 1 69 47 27 1 68 43 31 1 121 102 57 1 191 157 136 1 239 217 179 1 231 231 198 1 244 239 170 1 250 221 201 1 231 226 195 1 199 195 187 1 232 200 173 1 224 200 182 1 237 214 177 1 232 196 184 1 220 192 198 1 255 221 183 1 237 224 166 1 229 230 188 1 255 218 165 1 218 160 143 1 211 153 115 1 252 166 134 1 0 0 0 0
209 91 13 1 181 116 10 1 194 112 41 1 176 87 10 1 193 113 16 1 206 117 36 1 211 118 10 1 169 108 38 1 201 135 46 1 197 140 49 1 210 134 16 1 204 104 27 1 203 109 17 1 200 113 11 1 212 109 10 1 183 100 0 1 163 84 32 1 204 106 20 1 191 118 24 1 188 100 18 1 207 121 19 1 230 124 44 1 211 114 60 1 207 135 26 1 219 119 53 1 218 170 58 1 227 154 60 1 212 131 80 1 255 165 107 1 239 140 92 1 255 126 106 1 205 130 80 1 220 162 87 1 200 125 96 1 149 104 38 1 97 46 5 1 68 40 2 1 53 35 13 1 53 31 9 1 117 62 29 1 162 137 120 1 237 193 203 1 255 206 204 1 239 236 198 1 226 197 201 1 231 225 192 1 247 209 173 1 234 214 181 1 236 211 177 1 233 225 203 1 255 231 213 1 237 219 198 1 255 230 176 1 226 255 217 1 222 210 178 1 231 203 134 1 221 168 135 1 253 172 143 1 230 166 122 1 224 189 141 1
170 92 2 1 182 127 1 1 195 83 18 1 187 97 0 1 209 138 36 1 195 153 47 1 220 125 36 1 218 128 33 1 207 138 2 1 239 136 41 1 205 110 21 1 210 114 17 1 195 121 17 1 196 118 35 1 198 102 13 1 212 90 0 1 203 98 33 1 198 84 13 1 217 105 24 1 217 116 41 1 0 0 0 0 205 121 31 1 200 130 31 1 186 126 33 1 205 133 79 1 234 142 88 1 224 121 86 1 243 129 113 1 227 155 104 1 227 159 114 1 246 147 90 1 208 158 87 1 224 147 103 1 221 137 118 1 195 101 70 1 0 0 0 0 65 41 37 1 74 38 11 1 52 41 0 1 79 31 51 1 143 117 95 1 215 189 164 1 232 216 221 1 247 230 208 1 239 219 179 1 235 216 213 1 232 229 206 1 231 200 177 1 223 224 187 1 245 230 155 1 232 217 184 1 223 225 200 1 232 231 167 1 255 195 154 1 220 185 130 1 205 153 89 1 205 172 86 1 211 190 132 1 228 161 131 1 235 166 130 1
184 91 15 1 182 108 18 1 190 117 58 1 174 104 37 1 163 140 10 1 192 104 19 1 202 127 20 1 210 126 13 1 181 112 26 1 191 105 0 1 188 125 25 1 178 98 4 1 0 0 0 0 0 0 0 0 0 0 0 0 184 107 7 1 184 100 0 1 194 91 7 1 186 102 28 1 166 109 4 1 180 109 0 1 196 105 29 1 188 112 25 1 191 111 48 1 207 151 83 1 227 171 89 1 235 166 85 1 0 0 0 0 0 0 0 0 227 169 72 1 0 0 0 0 226 148 102 1 224 115 97 1 236 135 104 1 171 137 81 1 151 90 45 1 89 44 76 1 47 18 7 1 41 0 0 1 79 18 0 1 84 91 52 1 209 187 134 1 239 200 171 1 212 233 183 1 0 0 0 0 252 210 188 1 226 208 180 1 231 208 193 1 244 244 208 1 247 243 195 1 0 0 0 0 217 221 180 1 255 189 192 1 217 157 116 1 0 0 0 0 228 143 110 1 227 160 111 1 196 168 114 1 239 180 114 1 249 166 127 1
166 104 0 1 175 78 0 1 176 82 13 1 170 46 5 1 190 109 0 1 165 99 0 1 0 0 0 0 197 83 22 1 165 85 19 1 177 89 0 1 194 105 32 1 189 116 19 1 184 89 39 1 193 84 24 1 159 103 12 1 175 92 0 1 165 79 6 1 168 69 1 1 186 81 17 1 175 100 28 1 156 81 5 1 151 69 21 1 181 118 35 1 212 130 34 1 219 129 102 1 241 128 71 1 230 145 103 1 215 137 90 1 228 143 81 1 223 154 122 1 228 145 132 1 243 138 109 1 245 162 99 1 223 155 108 1 182 149 92 1 0 0 0 0 98 63 68 1 66 47 37 1 0 0 0 0 60 37 35 1 91 96 47 1 197 184 143 1 235 211 179 1 240 221 205 1 251 235 190 1 233 223 207 1 238 239 183 1 248 233 198 1 255 234 214 1 248 250 209 1 227 226 202 1 235 220 193 1 252 207 136 1 200 172 120 1 0 0 0 0 0 0 0 0 229 180 132 1 235 178 157 1 226 157 131 1 234 158 130 1
181 91 33 1 169 93 22 1 141 82 7 1 159 64 0 1 185 93 5 1 0 0 0 0 185 130 7 1 216 126 19 1 209 117 12 1 192 103 27 1 207 129 37 1 194 105 34 1 201 101 31 1 187 103 0 1 174 78 1 1 151 64 15 1 120 57 8 1 156 66 0 1 158 76 0 1 157 78 7 1 0 0 0 0 171 98 1 1 175 125 16 1 196 128 52 1 238 165 111 1 240 114 108 1 218 124 98 1 208 169 117 1 209 170 116 1 222 163 104 1 231 163 115 1 248 155 108 1 223 155 111 1 224 136 105 1 222 125 107 1 196 122 93 1 87 59 57 1 89 57 30 1 88 44 36 1 93 45 13 1 84 64 29 1 156 144 101 1 0 0 0 0 0 0 0 0 202 233 222 1 249 220 200 1 235 230 194 1 245 235 182 1 205 247 203 1 242 211 178 1 221 234 175 1 225 228 175 1 205 126 114 1 213 151 105 1 237 154 121 1 255 184 135 1 234 189 135 1 214 167 119 1 221 174 109 1 250 169 141 1
174 90 11 1 198 101 22 1 193 94 39 1 175 88 0 1 195 137 20 1 205 93 30 1 196 100 3 1 190 102 0 1 211 97 25 1 197 105 8 1 158 115 0 1 0 0 0 0 185 104 5 1 172 79 26 1 175 92 22 1 153 99 4 1 171 64 18 1 168 86 35 1 168 105 15 1 169 99 41 1 163 79 14 1 201 109 37 1 213 144 84 1 225 164 88 1 228 143 100 1 232 137 93 1 203 126 121 1 239 149 101 1 213 144 118 1 221 142 91 1 231 141 78 1 217 118 155 1 194 133 100 1 229 146 90 1 198 164 106 1 193 108 64 1 131 59 27 1 77 56 23 1 76 38 0 1 0 0 0 0 69 42 1 1 118 83 68 1 209 185 178 1 249 207 191 1 221 227 194 1 240 223 195 1 232 255 216 1 255 223 198 1 255 206 193 1 254 242 185 1 231 212 151 1 188 188 113 1 227 138 118 1 213 169 134 1 0 0 0 0 248 170 137 1 255 160 152 1 223 156 132 1 255 163 118 1 240 178 127 1
192 105 28 1 223 140 25 1 207 135 50 1 211 113 54 1 194 98 29 1 185 120 26 1 176 97 39 1 172 111 4 1 169 107 16 1 194 90 0 1 182 78 0 1 196 106 25 1 181 110 9 1 178 68 19 1 198 68 0 1 146 88 6 1 169 77 18 1 0 0 0 0 174 82 10 1 181 107 0 1 162 78 10 1 220 88 41 1 211 137 94 1 244 142 88 1 234 174 93 1 219 156 79 1 210 143 97 1 229 149 101 1 213 143 105 1 216 139 81 1 227 142 105 1 222 133 123 1 216 136 99 1 222 144 92 1 211 129 105 1 176 103 95 1 110 73 57 1 86 72 37 1 91 63 30 1 0 0 0 0 106 36 47 1 128 117 65 1 218 192 165 1 236 232 230 1 218 204 154 1 255 221 212 1 255 221 205 1 235 201 196 1 234 255 161 1 255 214 181 1 207 185 118 1 198 146 111 1 235 173 114 1 216 145 137 1 249 159 140 1 231 165 113 1 222 136 137 1 239 170 130 1 0 0 0 0 243 182 115 1
166 67 8 1 0 0 0 0 137 45 4 1 137 22 0 1 153 79 0 1 162 76 6 1 152 85 6 1 181 84 12 1 209 116 17 1 202 123 14 1 0 0 0 0 187 97 23 1 205 87 13 1 194 78 0 1 203 95 18 1 181 74 0 1 185 87 2 1 165 114 15 1 162 141 3 1 160 107 30 1 186 98 16 1 215 93 67 1 246 127 82 1 227 131 45 1 218 126 61 1 230 155 81 1 229 138 64 1 240 139 105 1 234 142 111 1 217 132 101 1 245 149 85 1 228 137 81 1 220 132 88 1 241 166 92 1 205 134 76 1 176 142 73 1 102 85 28 1 110 36 44 1 100 53 9 1 0 0 0 0 67 67 44 1 135 140 108 1 226 227 178 1 238 227 191 1 239 221 172 1 230 240 213 1 255 223 196 1 253 234 192 1 255 234 177 1 241 187 130 1 180 148 119 1 230 155 130 1 238 157 153 1 209 164 123 1 218 168 127 1 209 142 139 1 223 174 133 1 231 184 121 1 219 147 116 1 205 153 109 1
145 75 13 1 151 68 22 1 157 85 45 1 146 54 5 1 105 69 14 1 140 81 0 1 135 92 13 1 173 103 5 1 187 110 26 1 0 0 0 0 198 111 0 1 193 83 0 1 194 89 34 1 184 106 12 1 191 111 0 1 165 87 13 1 165 106 25 1 181 103 21 1 178 113 29 1 168 123 15 1 224 94 62 1 219 128 77 1 199 129 88 1 228 123 61 1 230 145 98 1 0 0 0 0 215 127 99 1 0 0 0 0 239 135 106 1 228 144 89 1 207 138 105 1 216 132 101 1 224 150 140 1 210 133 105 1 0 0 0 0 180 130 79 1 139 75 73 1 103 65 39 1 98 53 21 1 64 41 33 1 97 78 53 1 178 176 115 1 244 255 227 1 247 238 191 1 231 220 191 1 224 203 194 1 0 0 0 0 255 235 189 1 249 191 154 1 177 140 145 1 231 178 104 1 253 174 142 1 249 149 134 1 199 171 128 1 234 181 144 1 223 169 98 1 229 171 120 1 221 162 106 1 198 142 118 1 224 170 103 1
137 54 0 1 152 84 20 1 154 62 31 1 192 95 27 1 159 81 13 1 175 99 21 1 199 126 44 1 212 144 63 1 199 127 58 1 193 113 17 1 160 101 25 1 176 90 24 1 139 99 24 1 180 116 8 1 183 92 21 1 0 0 0 0 176 97 18 1 0 0 0 0 184 90 11 1 161 85 0 1 227 101 63 1 0 0 0 0 234 126 68 1 236 147 91 1 229 112 98 1 239 135 99 1 215 158 126 1 235 164 104 1 247 155 119 1 207 144 88 1 215 159 111 1 230 138 98 1 233 139 113 1 233 144 113 1 220 151 106 1 219 144 95 1 195 120 99 1 150 69 62 1 103 74 39 1 91 44 41 1 113 95 70 1 209 172 181 1 255 239 218 1 228 213 210 1 239 217 190 1 242 227 188 1 255 218 193 1 248 166 169 1 222 119 87 1 196 163 129 1 238 199 131 1 237 186 132 1 254 169 122 1 252 183 141 1 240 156 157 1 227 162 135 1 221 166 117 1 208 165 116 1 243 192 117 1 240 155 121 1
142 76 0 1 126 49 12 1 128 57 10 1 162 75 37 1 182 106 12 1 178 115 39 1 220 144 65 1 194 97 60 1 194 103 0 1 177 93 8 1 182 102 31 1 201 108 20 1 182 95 8 1 137 75 0 1 187 76 1 1 190 90 19 1 181 96 25 1 188 108 8 1 215 115 20 1 228 138 46 1 217 135 81 1 224 122 85 1 231 149 83 1 254 126 111 1 235 156 88 1 242 144 105 1 232 145 97 1 234 119 85 1 232 158 104 1 214 135 98 1 0 0 0 0 214 147 110 1 232 158 106 1 237 137 109 1 197 122 109 1 215 141 99 1 183 102 119 1 135 86 66 1 109 56 41 1 79 32 20 1 101 102 53 1 214 198 165 1 255 248 205 1 220 224 202 1 254 215 212 1 255 220 189 1 0 0 0 0 190 144 112 1 218 137 107 1 219 174 119 1 244 167 130 1 255 176 155 1 255 184 140 1 236 164 152 1 227 166 139 1 0 0 0 0 253 172 123 1 230 159 126 1 226 145 106 1 218 137 88 1
130 64 19 1 146 96 0 1 172 121 15 1 172 123 24 1 197 126 65 1 216 101 41 1 158 106 38 1 148 72 4 1 108 40 7 1 117 61 15 1 0 0 0 0 140 53 10 1 107 50 0 1 115 33 0 1 134 69 0 1 125 112 28 1 168 96 20 1 0 0 0 0 191 108 56 1 231 119 63 1 201 115 85 1 228 111 92 1 198 117 72 1 220 139 67 1 204 118 77 1 0 0 0 0 217 132 94 1 198 145 84 1 215 163 107 1 201 132 86 1 212 158 99 1 204 143 104 1 223 134 92 1 207 137 114 1 212 136 93 1 215 115 89 1 145 93 79 1 143 59 55 1 0 0 0 0 76 50 3 1 123 95 42 1 244 207 192 1 255 231 200 1 255 234 185 1 251 206 156 1 0 0 0 0 197 155 111 1 0 0 0 0 230 177 114 1 0 0 0 0 223 156 119 1 229 193 126 1 239 178 125 1 232 188 117 1 250 172 127 1 219 154 121 1 225 147 98 1 246 154 104 1 210 120 84 1 0 0 0 0
162 83 3 1 0 0 0 0 196 133 26 1 173 137 4 1 170 104 10 1 176 59 8 1 104 17 0 1 102 12 0 1 121 55 0 1 122 95 14 1 114 38 25 1 96 56 10 1 135 54 28 1 100 61 8 1 139 89 19 1 193 109 43 1 173 111 23 1 137 52 0 1 0 0 0 0 235 134 65 1 199 133 91 1 212 152 81 1 222 142 71 1 199 144 78 1 198 128 100 1 208 164 103 1 213 134 73 1 233 118 75 1 202 119 95 1 231 139 100 1 231 150 131 1 0 0 0 0 216 113 85 1 246 159 112 1 0 0 0 0 197 128 86 1 155 113 84 1 147 82 56 1 75 58 16 1 91 48 16 1 148 120 81 1 238 227 211 1 241 227 197 1 249 227 164 1 220 175 151 1 195 136 113 1 186 100 95 1 208 166 99 1 221 182 130 1 236 173 150 1 231 149 126 1 233 172 128 1 0 0 0 0 234 149 123 1 215 160 138 1 237 156 109 1 222 138 113 1 181 128 104 1 202 135 68 1 194 101 80 1
185 122 60 1 155 104 23 1 178 74 14 1 156 110 4 1 150 62 35 1 113 57 0 1 97 48 11 1 128 57 36 1 116 59 26 1 128 63 33 1 155 60 70 1 152 73 52 1 135 88 11 1 112 56 29 1 145 77 35 1 0 0 0 0 139 95 18 1 157 80 36 1 0 0 0 0 201 121 74 1 207 125 93 1 230 115 78 1 212 114 62 1 214 123 44 1 211 112 64 1 248 130 78 1 246 111 105 1 235 159 104 1 238 121 92 1 228 152 113 1 208 142 110 1 214 129 89 1 223 125 121 1 211 156 118 1 0 0 0 0 0 0 0 0 0 0 0 0 146 73 49 1 97 58 28 1 0 0 0 0 179 148 107 1 236 178 127 1 213 172 111 1 196 157 113 1 192 126 76 1 207 153 102 1 220 152 86 1 0 0 0 0 228 191 131 1 211 152 114 1 221 169 120 1 255 190 149 1 255 155 156 1 239 141 139 1 219 133 112 1 233 157 129 1 216 127 96 1 197 136 54 1 203 94 78 1 185 92 59 1
154 88 8 1 138 79 2 1 139 74 9 1 140 91 0 1 0 0 0 0 144 86 26 1 143 67 28 1 100 38 14 1 94 44 11 1 97 0 10 1 76 24 0 1 101 15 29 1 119 55 9 1 125 62 0 1 0 0 0 0 148 70 0 1 144 47 0 1 169 82 35 1 195 132 69 1 236 129 104 1 232 111 86 1 211 117 114 1 237 127 76 1 225 141 62 1 233 122 108 1 247 149 99 1 226 140 83 1 236 143 98 1 227 139 103 1 230 145 94 1 222 138 106 1 223 157 95 1 236 116 87 1 212 135 102 1 216 125 79 1 185 114 52 1 144 58 62 1 139 93 70 1 107 60 32 1 0 0 0 0 122 95 70 1 0 0 0 0 190 152 100 1 169 133 84 1 223 169 104 1 232 186 121 1 234 170 137 1 243 156 110 1 244 172 118 1 202 161 123 1 0 0 0 0 212 177 120 1 238 181 125 1 215 159 113 1 214 139 82 1 231 152 100 1 226 134 102 1 223 121 93 1 199 120 52 1 181 81 50 1
0 0 0 0 130 94 48 1 136 71 7 1 110 71 0 1 103 54 15 1 133 97 25 1 130 69 10 1 86 41 0 1 112 55 7 1 135 54 43 1 136 88 38 1 132 89 21 1 0 0 0 0 115 57 39 1 135 37 0 1 148 59 25 1 149 68 23 1 186 98 47 1 222 128 98 1 236 114 74 1 240 118 91 1 235 109 86 1 242 102 63 1 234 88 78 1 220 106 70 1 210 71 35 1 206 87 37 1 203 45 45 1 191 48 31 1 186 48 41 1 171 49 8 1 0 0 0 0 165 31 10 1 174 18 0 1 139 28 7 1 145 45 6 1 153 60 12 1 155 30 43 1 173 62 54 1 181 103 51 1 201 83 69 1 222 123 85 1 225 139 118 1 236 135 117 1 227 159 106 1 229 186 112 1 212 162 120 1 0 0 0 0 255 206 147 1 255 168 145 1 243 152 92 1 213 146 100 1 225 153 114 1 235 147 117 1 216 139 94 1 207 105 98 1 0 0 0 0 183 110 47 1 0 0 0 0 156 52 39 1
113 35 0 1 122 54 29 1 121 74 11 1 92 34 20 1 66 17 4 1 133 52 2 1 113 56 12 1 134 88 19 1 153 110 55 1 161 81 61 1 142 101 57 1 125 42 54 1 92 65 13 1 133 29 8 1 0 0 0 0 136 56 1 1 147 44 30 1 196 89 51 1 0 0 0 0 179 103 53 1 186 65 33 1 191 85 34 1 0 0 0 0 180 47 28 1 188 29 21 1 166 29 13 1 163 23 5 1 154 14 0 1 186 49 13 1 160 3 7 1 160 50 5 1 153 40 5 1 161 50 17 1 155 27 0 1 150 24 0 1 151 54 2 1 144 35 23 1 153 26 33 1 171 36 43 1 173 78 58 1 187 78 57 1 197 81 73 1 207 123 89 1 199 154 107 1 232 155 116 1 226 183 121 1 248 158 118 1 246 164 103 1 229 151 122 1 229 173 120 1 213 145 114 1 0 0 0 0 228 165 113 1 224 126 86 1 207 103 94 1 222 111 92 1 197 113 63 1 186 118 40 1 184 73 42 1 153 58 53 1
128 71 45 1 122 80 64 1 113 60 35 1 86 34 28 1 131 106 42 1 0 0 0 0 150 111 42 1 142 91 33 1 130 67 38 1 97 59 24 1 80 22 0 1 40 13 7 1 70 13 8 1 86 40 4 1 0 0 0 0 166 50 13 1 0 0 0 0 212 92 46 1 224 39 35 1 0 0 0 0 169 47 29 1 177 33 0 1 175 32 11 1 0 0 0 0 175 13 24 1 158 32 5 1 188 33 32 1 183 26 32 1 160 16 20 1 163 23 0 1 0 0 0 0 186 43 10 1 182 27 12 1 169 26 18 1 163 31 0 1 208 41 12 1 180 29 35 1 196 25 31 1 203 38 8 1 193 48 34 1 195 35 20 1 168 56 17 1 194 52 16 1 180 103 59 1 228 129 108 1 241 169 135 1 254 175 145 1 250 166 129 1 211 142 113 1 198 147 99 1 223 129 98 1 210 154 122 1 238 135 101 1 204 127 100 1 235 147 92 1 210 112 94 1 165 90 52 1 177 76 44 1 193 79 10 1 162 55 32 1
111 62 81 1 0 0 0 0 101 45 24 1 79 34 32 1 109 59 0 1 62 27 5 1 84 17 0 1 98 13 0 1 79 29 0 1 59 13 0 1 57 13 0 1 52 18 8 1 62 0 4 1 88 4 20 1 123 26 17 1 0 0 0 0 164 35 0 1 180 36 25 1 176 26 15 1 170 29 0 1 191 38 15 1 198 26 19 1 194 61 0 1 0 0 0 0 176 31 3 1 0 0 0 0 195 20 9 1 177 9 0 1 185 29 21 1 182 33 14 1 168 41 11 1 188 30 38 1 189 39 16 1 171 34 26 1 174 21 17 1 191 0 25 1 165 27 19 1 188 23 11 1 192 17 27 1 176 31 25 1 174 33 11 1 165 46 9 1 155 41 13 1 161 46 24 1 144 59 47 1 0 0 0 0 191 119 71 1 217 139 87 1 192 162 86 1 226 147 88 1 0 0 0 0 226 147 71 1 217 145 79 1 211 110 66 1 210 118 79 1 182 97 58 1 171 81 30 1 183 56 52 1 151 55 20 1 148 53 0 1
70 22 0 1 33 4 0 1 32 21 0 1 57 30 25 1 0 0 0 0 47 14 4 1 58 0 12 1 77 50 19 1 95 21 8 1 84 46 22 1 90 19 0 1 98 0 0 1 142 56 19 1 154 10 46 1 200 47 46 1 175 45 13 1 180 28 7 1 162 4 26 1 199 17 21 1 195 24 6 1 161 13 0 1 179 33 20 1 0 0 0 0 173 49 0 1 195 31 12 1 196 46 18 1 197 42 20 1 193 17 18 1 0 0 0 0 199 65 29 1 180 27 28 1 183 14 9 1 200 16 2 1 166 12 0 1 201 7 9 1 0 0 0 0 153 29 36 1 172 46 35 1 162 19 4 1 183 11 0 1 161 18 0 1 182 13 0 1 189 25 30 1 175 20 25 1 180 5 0 1 158 17 6 1 160 37 15 1 174 20 30 1 153 62 52 1 226 82 101 1 205 123 115 1 204 96 85 1 199 110 61 1 193 107 47 1 204 99 75 1 207 83 47 1 159 79 32 1 172 50 30 1 141 51 51 1 122 47 32 1
10 0 3 1 34 11 27 1 49 36 2 1 61 20 17 1 52 34 22 1 59 12 0 1 46 26 34 1 58 14 0 1 63 30 18 1 99 25 1 1 137 33 17 1 121 26 32 1 0 0 0 0 140 40 45 1 159 37 9 1 0 0 0 0 173 21 0 1 176 30 8 1 184 54 11 1 206 30 29 1 152 31 18 1 0 0 0 0 183 30 16 1 167 42 21 1 176 28 14 1 189 30 24 1 197 24 5 1 186 29 11 1 191 38 26 1 167 26 4 1 180 48 5 1 154 31 0 1 194 34 0 1 174 28 42 1 171 45 14 1 199 46 10 1 172 37 0 1 192 31 23 1 201 40 32 1 159 28 21 1 178 20 28 1 0 0 0 0 166 20 0 1 187 18 17 1 150 30 2 1 165 55 7 1 179 36 24 1 165 4 29 1 150 32 32 1 144 68 12 1 148 54 15 1 139 65 17 1 0 0 0 0 0 0 0 0 158 64 49 1 145 53 20 1 133 55 14 1 157 51 38 1 137 21 3 1 127 45 15 1
67 34 0 1 57 42 0 1 0 0 0 0 69 6 18 1 54 0 0 1 77 1 0 1 127 60 20 1 114 51 30 1 144 0 0 1 128 15 13 1 181 34 39 1 172 55 10 1 172 29 22 1 179 26 29 1 0 0 0 0 190 22 14 1 181 26 11 1 206 28 5 1 197 25 19 1 200 33 17 1 175 24 15 1 173 20 4 1 188 13 23 1 174 30 14 1 0 0 0 0 211 35 23 1 200 35 52 1 189 45 2 1 201 26 0 1 196 17 9 1 157 19 15 1 189 33 0 1 185 46 31 1 176 42 25 1 193 31 0 1 164 13 0 1 153 15 0 1 0 0 0 0 195 35 13 1 0 0 0 0 169 22 14 1 199 43 20 1 180 49 6 1 171 12 24 1 202 31 20 1 180 18 35 1 147 24 5 1 168 40 14 1 179 28 5 1 163 43 0 1 0 0 0 0 161 18 6 1 152 0 28 1 149 26 22 1 151 41 57 1 176 32 19 1 158 29 25 1 141 28 24 1 107 13 16 1 109 23 13 1
58 8 11 1 44 17 1 1 61 63 0 1 31 44 0 1 25 11 1 1 70 8 0 1 113 39 21 1 0 0 0 0 129 27 13 1 149 46 25 1 183 31 10 1 178 13 8 1 198 23 17 1 170 14 0 1 184 25 0 1 156 30 10 1 177 26 30 1 159 30 0 1 184 13 10 1 160 20 0 1 189 28 11 1 179 19 1 1 185 54 5 1 177 10 29 1 180 36 22 1 175 30 20 1 205 21 13 1 0 0 0 0 195 56 14 1 200 42 1 1 167 18 44 1 0 0 0 0 172 32 18 1 190 8 7 1 180 58 14 1 156 30 15 1 178 29 1 1 159 32 10 1 179 25 6 1 204 28 17 1 173 10 24 1 178 31 0 1 0 0 0 0 181 6 5 1 178 48 12 1 0 0 0 0 146 19 0 1 171 17 6 1 168 29 37 1 180 27 0 1 151 19 12 1 163 18 0 1 163 23 46 1 154 33 28 1 153 24 11 1 147 31 33 1 109 22 1 1 123 0 1 1 115 0 32 1 125 28 16 1
0 0 0 0 107 48 30 1 89 34 11 1 74 17 0 1 90 0 0 1 95 0 1 1 137 26 17 1 150 59 25 1 136 31 12 1 164 0 10 1 172 15 19 1 0 0 0 0 153 49 12 1 170 30 13 1 189 20 16 1 179 18 2 1 169 25 18 1 163 23 3 1 173 22 0 1 161 27 16 1 174 25 0 1 170 25 0 1 194 22 19 1 199 50 9 1 200 34 12 1 196 35 21 1 175 32 0 1 169 24 28 1 167 22 27 1 170 22 8 1 192 36 0 1 183 23 5 1 172 21 15 1 175 35 16 1 163 34 0 1 189 28 40 1 177 34 0 1 0 0 0 0 160 32 20 1 177 0 22 1 173 28 7 1 175 17 36 1 156 32 13 1 0 0 0 0 0 0 0 0 0 0 0 0 181 42 5 1 182 22 6 1 174 35 38 1 149 31 12 1 156 27 14 1 180 0 0 1 176 34 9 1 178 21 34 1 149 35 29 1 140 14 27 1 147 29 6 1 128 17 0 1 135 9 35 1 0 0 0 0
79 37 0 1 101 37 19 1 119 24 32 1 93 38 49 1 131 26 16 1 126 20 33 1 178 15 43 1 154 47 33 1 143 21 7 1 143 12 9 1 164 28 20 1 186 16 5 1 180 33 7 1 175 2 12 1 165 17 10 1 194 38 7 1 159 34 26 1 173 35 4 1 199 19 50 1 180 22 7 1 176 26 6 1 173 26 0 1 191 26 0 1 176 43 0 1 185 45 9 1 185 50 19 1 198 14 17 1 186 21 13 1 169 27 0 1 175 23 40 1 181 40 0 1 190 28 5 1 167 41 6 1 194 28 11 1 171 6 28 1 168 40 0 1 173 12 31 1 176 28 26 1 194 21 32 1 153 23 18 1 0 0 0 0 187 5 2 1 188 24 12 1 180 16 15 1 163 37 13 1 137 26 0 1 165 17 20 1 156 27 15 1 165 6 13 1 142 31 38 1 170 25 8 1 144 23 0 1 149 39 42 1 190 11 12 1 135 1 15 1 150 21 21 1 138 18 16 1 151 45 10 1 123 14 0 1 111 17 9 1
53 7 22 1 75 22 16 1 144 30 19 1 118 0 2 1 179 34 13 1 186 17 22 1 185 22 22 1 196 5 19 1 173 35 19 1 157 40 28 1 0 0 0 0 193 42 14 1 151 33 16 1 158 41 3 1 177 11 2 1 179 44 0 1 164 34 0 1 185 34 18 1 185 33 21 1 190 37 39 1 170 49 14 1 188 67 36 1 185 32 0 1 170 40 16 1 176 68 34 1 218 20 2 1 185 27 5 1 165 57 7 1 191 20 0 1 194 33 19 1 181 31 21 1 168 14 10 1 155 41 1 1 148 41 8 1 159 7 8 1 185 61 17 1 139 22 7 1 166 20 15 1 192 49 8 1 149 35 18 1 178 27 0 1 176 20 24 1 160 37 15 1 165 56 0 1 155 2 19 1 0 0 0 0 136 41 20 1 174 12 0 1 152 16 12 1 136 18 18 1 139 3 8 1 143 42 0 1 139 21 9 1 177 27 25 1 159 35 1 1 0 0 0 0 145 25 0 1 119 19 25 1 0 0 0 0 116 23 0 1
72 0 7 1 103 6 0 1 124 0 34 1 134 19 20 1 170 16 0 1 157 3 16 1 170 42 9 1 159 9 25 1 155 22 0 1 171 0 13 1 156 22 0 1 180 0 4 1 182 24 1 1 171 32 33 1 171 20 2 1 164 31 22 1 157 28 34 1 202 19 35 1 0 0 0 0 191 29 13 1 185 30 12 1 0 0 0 0 0 0 0 0 0 0 0 0 186 12 2 1 169 60 18 1 155 7 22 1 175 24 0 1 207 28 19 1 171 37 12 1 155 23 1 1 174 19 12 1 180 20 3 1 179 33 14 1 162 31 22 1 180 53 22 1 180 38 23 1 170 2 33 1 189 37 0 1 169 47 0 1 202 40 12 1 155 28 0 1 167 18 36 1 172 25 2 1 168 22 6 1 186 23 10 1 141 13 11 1 146 30 28 1 178 29 35 1 132 35 1 1 0 0 0 0 160 29 0 1 153 32 35 1 171 21 0 1 0 0 0 0 155 19 19 1 125 24 27 1 141 28 27 1 124 17 5 1 150 31 11 1
120 7 0 1 108 4 3 1 161 1 0 1 154 23 14 1 187 25 12 1 179 44 0 1 175 40 12 1 176 47 10 1 177 28 7 1 167 27 9 1 189 34 14 1 193 28 2 1 177 2 16 1 187 38 5 1 174 16 31 1 180 43 9 1 152 21 15 1 185 22 14 1 167 16 14 1 0 0 0 0 195 53 22 1 182 53 22 1 195 44 28 1 182 25 12 1 158 49 7 1 164 32 0 1 161 27 30 1 176 16 11 1 162 42 6 1 176 27 35 1 166 28 0 1 0 0 0 0 156 16 3 1 187 5 24 1 172 15 38 1 164 20 10 1 177 39 16 1 150 17 39 1 136 19 0 1 160 46 18 1 179 39 14 1 162 28 0 1 165 34 0 1 159 18 29 1 139 27 0 1 141 26 0 1 180 38 22 1 151 4 0 1 141 15 18 1 172 21 9 1 145 11 27 1 138 0 0 1 155 36 14 1 157 12 0 1 152 19 7 1 137 12 13 1 136 18 8 1 0 0 0 0 114 6 26 1 136 13 18 1
106 0 2 1 101 31 24 1 181 35 30 1 201 34 6 1 201 41 0 1 170 39 9 1 0 0 0 0 175 23 6 1 189 24 0 1 191 27 0 1 200 15 6 1 179 45 4 1 170 43 23 1 183 22 9 1 0 0 0 0 177 40 22 1 148 46 23 1 183 20 0 1 194 73 25 1 184 41 43 1 225 87 78 1 214 73 58 1 195 66 87 1 224 108 55 1 206 42 32 1 186 53 30 1 196 39 0 1 167 37 18 1 169 38 27 1 198 31 0 1 166 29 10 1 167 35 34 1 0 0 0 0 187 18 30 1 166 20 4 1 156 13 10 1 171 20 5 1 191 24 2 1 151 26 5 1 199 24 0 1 150 21 9 1 157 25 0 1 181 43 0 1 166 3 1 1 153 20 0 1 160 21 0 1 164 30 10 1 167 27 8 1 135 0 17 1 166 21 0 1 150 0 20 1 146 13 14 1 0 0 0 0 147 28 0 1 144 3 2 1 0 0 0 0 158 20 1 1 164 18 11 1 125 40 0 1 158 9 40 1
130 40 10 1 133 30 37 1 213 30 0 1 185 19 1 1 165 2 33 1 160 24 11 1 155 42 2 1 162 29 4 1 0 0 0 0 164 35 0 1 175 11 0 1 214 19 28 1 147 24 3 1 175 32 0 1 163 20 18 1 155 33 0 1 166 46 37 1 178 67 41 1 216 105 88 1 223 118 103 1 253 123 71 1 0 0 0 0 225 94 74 1 226 91 59 1 188 84 62 1 180 59 32 1 190 40 30 1 185 73 37 1 175 36 31 1 164 45 39 1 165 43 28 1 159 23 33 1 178 5 44 1 139 22 13 1 183 22 0 1 179 13 16 1 159 22 19 1 169 54 20 1 0 0 0 0 163 32 3 1 167 2 9 1 173 39 6 1 0 0 0 0 163 12 8 1 154 26 2 1 142 21 1 1 146 0 6 1 165 24 3 1 153 18 1 1 147 4 25 1 150 32 10 1 163 26 19 1 165 28 11 1 156 13 11 1 163 22 13 1 146 8 0 1 0 0 0 0 139 20 1 1 145 7 0 1 143 23 11 1
151 57 35 1 162 56 26 1 191 29 0 1 181 20 5 1 184 52 15 1 173 16 39 1 166 15 15 1 154 40 11 1 203 34 24 1 161 45 8 1 170 14 19 1 182 33 26 1 189 42 11 1 177 40 6 1 152 21 0 1 182 52 20 1 200 94 48 1 230 122 81 1 248 119 97 1 244 132 92 1 255 139 116 1 226 146 85 1 216 134 99 1 226 125 80 1 197 83 62 1 218 95 71 1 212 79 58 1 190 78 36 1 191 36 26 1 163 41 5 1 170 40 49 1 157 18 43 1 179 11 15 1 157 19 3 1 160 16 13 1 167 18 1 1 131 25 0 1 167 12 0 1 190 38 34 1 174 22 20 1 165 19 10 1 162 16 7 1 169 34 10 1 178 42 8 1 157 44 13 1 154 7 19 1 180 32 20 1 156 18 0 1 157 53 10 1 178 48 16 1 159 27 11 1 144 48 13 1 157 33 7 1 157 23 20 1 191 19 23 1 158 0 22 1 132 0 8 1 130 11 7 1 153 1 14 1 134 23 5 1
188 7 45 1 192 23 27 1 0 0 0 0 174 20 5 1 186 19 37 1 193 8 36 1 149 19 12 1 161 30 3 1 178 22 35 1 163 5 12 1 166 29 1 1 201 34 24 1 166 42 23 1 162 36 5 1 166 55 28 1 222 77 71 1 0 0 0 0 245 137 116 1 224 159 93 1 211 143 97 1 222 149 100 1 250 167 106 1 211 133 126 1 216 122 102 1 229 116 86 1 230 104 80 1 232 112 74 1 228 76 67 1 186 94 48 1 194 41 16 1 141 39 18 1 0 0 0 0 169 14 28 1 181 41 0 1 158 16 33 1 162 2 0 1 159 19 12 1 174 29 0 1 145 8 24 1 167 11 7 1 157 32 2 1 168 6 28 1 153 4 20 1 147 32 33 1 129 47 26 1 180 28 7 1 140 23 20 1 175 18 0 1 152 20 26 1 141 29 5 1 163 23 0 1 162 24 16 1 127 0 0 1 134 34 14 1 151 28 34 1 160 18 28 1 156 58 1 1 154 27 0 1 125 14 1 1 145 3 0 1
192 22 0 1 155 30 20 1 165 26 7 1 177 10 4 1 139 25 19 1 173 44 31 1 176 15 30 1 171 35 26 1 0 0 0 0 182 42 10 1 182 0 5 1 159 24 0 1 138 38 0 1 194 79 30 1 236 115 83 1 252 161 89 1 243 154 116 1 246 172 125 1 224 145 100 1 221 136 105 1 232 151 128 1 241 116 95 1 231 175 126 1 245 163 97 1 239 156 106 1 211 114 81 1 231 98 85 1 206 117 63 1 191 109 63 1 179 67 47 1 197 44 28 1 170 7 33 1 159 29 19 1 173 20 10 1 173 24 55 1 164 17 15 1 161 9 0 1 173 33 4 1 158 22 13 1 138 17 21 1 158 42 26 1 0 0 0 0 137 12 4 1 165 61 3 1 171 22 17 1 190 22 42 1 158 18 16 1 147 49 19 1 165 29 0 1 160 44 15 1 161 20 0 1 142 9 3 1 148 30 19 1 147 0 13 1 141 41 31 1 152 25 25 1 150 10 22 1 125 7 0 1 135 24 15 1 142 4 10 1
152 6 20 1 175 27 14 1 171 2 0 1 168 9 8 1 164 19 9 1 175 16 33 1 184 31 14 1 196 38 10 1 173 4 0 1 175 13 26 1 158 33 6 1 164 29 0 1 150 91 13 1 186 104 52 1 236 160 144 1 245 158 125 1 231 166 114 1 228 155 114 1 234 174 146 1 254 159 126 1 221 187 122 1 220 154 137 1 222 156 112 1 229 153 130 1 226 160 99 1 228 152 123 1 226 128 96 1 216 108 87 1 203 95 92 1 0 0 0 0 206 57 37 1 173 71 47 1 196 23 16 1 155 26 16 1 180 46 10 1 161 25 14 1 161 3 14 1 158 27 3 1 149 0 20 1 150 23 0 1 121 0 0 1 152 9 6 1 146 21 0 1 154 0 5 1 164 18 0 1 161 0 15 1 137 13 0 1 136 26 6 1 0 0 0 0 127 9 0 1 124 25 11 1 146 27 27 1 145 13 24 1 0 0 0 0 150 21 13 1 132 40 14 1 131 26 30 1 134 12 9 1 0 0 0 0 142 21 9 1
188 13 10 1 171 27 0 1 177 41 11 1 0 0 0 0 168 54 0 1 179 63 11 1 179 36 18 1 172 35 0 1 183 38 13 1 180 10 0 1 164 19 1 1 193 53 32 1 229 110 79 1 255 155 114 1 235 160 143 1 247 168 115 1 229 173 103 1 234 188 133 1 235 190 118 1 246 169 148 1 227 177 129 1 234 172 136 1 239 164 129 1 236 173 124 1 239 139 125 1 210 148 96 1 255 131 119 1 236 117 108 1 208 114 90 1 204 120 81 1 218 75 73 1 178 60 57 1 0 0 0 0 174 50 37 1 0 0 0 0 178 22 38 1 141 9 7 1 0 0 0 0 158 21 11 1 0 0 0 0 0 0 0 0 158 25 16 1 128 18 18 1 147 16 0 1 0 0 0 0 0 0 0 0 152 20 18 1 139 5 9 1 125 14 6 1 157 17 3 1 146 38 8 1 138 24 12 1 125 2 0 1 128 8 10 1 131 33 15 1 127 18 1 1 147 33 7 1 121 28 0 1 141 0 0 1 128 28 3 1
171 23 30 1 183 32 0 1 155 19 17 1 159 50 14 1 164 20 23 1 170 50 25 1 204 5 3 1 148 7 52 1 165 37 11 1 168 39 0 1 148 61 28 1 222 90 69 1 233 140 116 1 223 149 140 1 0 0 0 0 212 171 108 1 228 155 144 1 0 0 0 0 250 169 164 1 250 156 157 1 230 208 126 1 242 167 120 1 209 171 121 1 255 187 136 1 218 157 131 1 204 152 122 1 220 140 84 1 205 125 88 1 190 101 89 1 187 109 75 1 214 90 69 1 231 58 69 1 177 55 34 1 192 57 33 1 172 46 0 1 157 23 7 1 166 25 12 1 169 14 0 1 137 23 6 1 159 33 2 1 0 0 0 0 153 18 0 1 163 0 12 1 150 34 7 1 156 22 12 1 159 44 28 1 132 1 27 1 154 30 0 1 142 16 9 1 0 0 0 0 111 29 0 1 0 0 0 0 136 18 3 1 154 54 13 1 131 20 5 1 128 37 29 1 118 1 20 1 124 21 25 1 105 16 0 1 127 27 15 1
159 45 18 1 185 23 27 1 151 26 0 1 162 0 0 1 175 9 13 1 163 19 24 1 164 29 0 1 166 42 19 1 154 21 31 1 183 31 0 1 179 74 38 1 0 0 0 0 208 158 119 1 230 130 124 1 209 156 91 1 231 172 115 1 245 153 146 1 255 188 158 1 229 151 127 1 230 162 138 1 234 174 131 1 203 164 150 1 0 0 0 0 222 158 126 1 0 0 0 0 192 150 78 1 207 143 87 1 202 107 77 1 222 102 75 1 190 81 60 1 234 77 62 1 191 80 68 1 0 0 0 0 220 50 42 1 182 20 22 1 138 13 0 1 156 32 14 1 0 0 0 0 136 18 27 1 125 11 0 1 133 4 9 1 137 22 8 1 0 0 0 0 150 30 0 1 143 12 0 1 143 9 5 1 151 24 10 1 152 15 16 1 138 30 17 1 147 0 13 1 136 10 0 1 149 15 0 1 147 21 2 1 153 14 30 1 109 14 19 1 120 52 3 1 119 9 19 1 114 24 19 1 135 0 3 1 116 11 10 1
163 29 14 1 171 19 25 1 175 32 21 1 183 29 4 1 200 22 24 1 198 0 4 1 187 27 9 1 172 10 0 1 142 47 2 1 163 39 49 1 213 112 64 1 241 135 107 1 221 128 93 1 218 143 101 1 228 156 132 1 246 166 130 1 0 0 0 0 255 164 148 1 234 181 127 1 227 149 135 1 220 149 133 1 223 162 114 1 226 153 114 1 227 159 130 1 238 138 87 1 226 117 75 1 218 100 92 1 219 70 73 1 192 60 66 1 206 96 78 1 211 54 63 1 218 67 74 1 165 47 50 1 202 19 40 1 0 0 0 0 144 23 29 1 145 19 0 1 137 35 2 1 161 21 0 1 0 0 0 0 144 11 13 1 143 19 2 1 127 45 3 1 138 14 0 1 163 8 2 1 0 0 0 0 133 18 6 1 131 35 0 1 118 28 21 1 161 32 4 1 142 30 11 1 133 29 9 1 130 35 0 1 111 17 9 1 128 18 14 1 111 29 0 1 122 2 16 1 133 19 12 1 88 8 14 1 117 0 0 1
185 44 0 1 171 11 9 1 145 50 19 1 162 5 28 1 194 11 16 1 178 4 28 1 187 30 24 1 186 16 13 1 157 38 14 1 197 48 30 1 0 0 0 0 229 119 103 1 0 0 0 0 203 173 119 1 225 173 119 1 255 157 144 1 224 181 148 1 246 161 135 1 221 161 135 1 0 0 0 0 223 165 126 1 201 134 113 1 220 175 96 1 229 115 101 1 227 105 117 1 215 107 92 1 0 0 0 0 206 80 80 1 204 100 64 1 185 67 64 1 197 66 52 1 193 38 40 1 159 51 27 1 164 23 12 1 159 23 20 1 172 53 15 1 149 43 11 1 0 0 0 0 137 15 0 1 141 21 13 1 152 37 0 1 161 52 17 1 153 6 17 1 146 12 0 1 138 22 0 1 126 27 12 1 135 24 0 1 129 17 0 1 119 35 18 1 118 43 4 1 134 34 12 1 130 27 0 1 108 0 17 1 122 24 28 1 122 15 14 1 147 30 20 1 104 14 0 1 114 15 12 1 126 2 0 1 125 22 3 1
159 18 12 1 165 9 45 1 0 0 0 0 171 12 0 1 178 7 11 1 158 6 19 1 179 38 9 1 177 41 17 1 178 51 25 1 204 93 44 1 214 111 101 1 223 125 124 1 203 145 92 1 216 150 112 1 249 180 116 1 235 164 114 1 225 143 129 1 238 166 133 1 244 178 107 1 0 0 0 0 227 154 115 1 242 118 93 1 232 113 90 1 234 138 93 1 224 105 110 1 233 92 90 1 235 114 80 1 203 77 86 1 187 67 28 1 186 64 61 1 178 33 19 1 141 1 13 1 148 10 22 1 174 16 26 1 186 24 0 1 147 27 12 1 133 15 19 1 0 0 0 0 142 45 11 1 142 43 14 1 117 15 6 1 168 24 6 1 121 48 9 1 165 32 0 1 146 15 32 1 125 18 11 1 136 21 35 1 125 24 30 1 109 32 9 1 112 33 8 1 131 12 8 1 140 25 25 1 93 19 31 1 112 2 8 1 95 20 17 1 102 13 22 1 103 0 19 1 101 8 25 1 92 13 38 1 100 24 5 1
156 34 8 1 155 40 14 1 177 1 20 1 164 36 19 1 181 1 30 1 162 20 19 1 156 39 0 1 167 38 13 1 196 44 20 1 230 111 57 1 238 106 90 1 221 126 97 1 0 0 0 0 214 163 121 1 233 170 138 1 236 172 117 1 238 183 138 1 215 155 136 1 229 176 139 1 209 153 123 1 211 147 112 1 229 125 89 1 201 117 94 1 194 123 55 1 0 0 0 0 200 87 86 1 214 93 86 1 195 78 66 1 195 36 54 1 182 50 26 1 169 0 10 1 0 0 0 0 153 21 14 1 171 0 47 1 170 28 36 1 154 6 20 1 162 31 16 1 127 30 13 1 151 32 16 1 141 22 18 1 146 15 24 1 125 13 0 1 125 26 11 1 95 11 23 1 129 18 10 1 139 35 2 1 141 33 5 1 115 0 19 1 121 19 33 1 122 0 19 1 115 0 0 1 100 5 0 1 112 7 23 1 118 12 2 1 107 16 28 1 86 16 0 1 103 0 8 1 117 12 0 1 99 18 19 1 121 13 6 1
177 45 16 1 147 41 25 1 174 36 0 1 184 17 23 1 163 34 24 1 149 24 24 1 165 21 15 1 164 38 9 1 178 57 36 1 217 89 77 1 221 126 79 1 0 0 0 0 233 148 82 1 224 168 102 1 214 126 103 1 220 157 135 1 216 166 116 1 220 151 121 1 207 141 89 1 204 122 124 1 212 107 108 1 227 112 82 1 194 102 64 1 186 104 74 1 211 90 61 1 192 97 69 1 187 68 52 1 184 46 60 1 0 0 0 0 0 0 0 0 128 14 14 1 141 9 9 1 147 30 24 1 190 34 10 1 154 23 14 1 161 7 21 1 133 4 17 1 151 17 0 1 168 43 3 1 139 27 15 1 152 23 31 1 176 2 0 1 131 23 0 1 151 24 0 1 135 12 16 1 0 0 0 0 132 19 9 1 96 2 30 1 124 22 2 1 120 14 5 1 111 14 6 1 122 27 0 1 101 28 0 1 110 19 6 1 84 7 0 1 128 26 1 1 0 0 0 0 128 0 0 1 98 15 20 1 88 13 0 1
167 4 12 1 172 45 20 1 172 43 7 1 163 6 1 1 166 12 29 1 141 34 12 1 203 41 25 1 164 38 19 1 195 46 41 1 0 0 0 0 220 109 100 1 0 0 0 0 0 0 0 0 230 118 106 1 237 160 93 1 223 150 109 1 203 137 120 1 214 141 110 1 205 130 92 1 209 94 85 1 194 109 78 1 196 115 66 1 182 91 72 1 183 79 51 1 184 70 76 1 182 50 67 1 167 64 33 1 160 39 24 1 164 26 2 1 168 23 3 1 171 14 0 1 188 0 11 1 152 8 0 1 166 9 6 1 0 0 0 0 154 8 8 1 156 41 39 1 122 8 31 1 177 28 28 1 131 44 0 1 149 32 25 1 133 37 14 1 135 34 9 1 131 28 4 1 130 7 13 1 117 26 15 1 134 8 12 1 120 4 13 1 111 17 0 1 120 24 0 1 110 12 5 1 106 19 0 1 95 26 0 1 109 22 23 1 109 28 0 1 97 10 20 1 93 14 15 1 111 17 0 1 110 22 18 1 91 12 0 1
169 24 14 1 178 24 18 1 162 35 3 1 151 9 0 1 165 33 17 1 0 0 0 0 171 32 11 1 207 30 24 1 202 70 50 1 194 86 60 1 212 103 57 1 214 96 88 1 215 98 87 1 214 127 79 1 239 133 75 1 201 105 85 1 221 120 117 1 216 114 88 1 195 98 102 1 211 94 98 1 217 80 69 1 201 75 69 1 212 72 65 1 0 0 0 0 181 62 49 1 208 45 52 1 179 29 20 1 172 12 23 1 0 0 0 0 144 6 20 1 164 36 9 1 142 16 8 1 139 10 26 1 147 21 5 1 152 65 0 1 149 55 24 1 141 2 17 1 145 30 35 1 131 7 15 1 152 6 48 1 147 26 9 1 136 9 1 1 138 31 17 1 141 42 12 1 0 0 0 0 138 23 0 1 136 32 14 1 124 32 22 1 116 20 0 1 92 11 0 1 132 0 6 1 0 0 0 0 112 0 0 1 98 0 20 1 116 8 7 1 106 0 1 1 114 13 7 1 96 15 0 1 90 30 7 1 104 28 6 1
157 16 40 1 0 0 0 0 146 27 29 1 0 0 0 0 161 32 13 1 164 22 0 1 165 28 16 1 167 28 29 1 218 53 63 1 233 79 45 1 198 70 51 1 0 0 0 0 240 74 91 1 236 121 115 1 224 128 120 1 227 121 104 1 0 0 0 0 196 91 84 1 212 114 83 1 201 73 85 1 198 76 70 1 199 82 64 1 200 72 52 1 185 82 59 1 192 52 22 1 183 41 18 1 177 23 13 1 133 25 25 1 139 23 0 1 174 15 20 1 0 0 0 0 155 12 10 1 127 0 28 1 154 4 9 1 127 23 19 1 142 36 1 1 145 13 12 1 0 0 0 0 135 39 7 1 125 22 13 1 115 44 14 1 131 24 7 1 0 0 0 0 134 23 15 1 138 15 0 1 135 14 2 1 123 12 16 1 133 15 14 1 109 9 3 1 0 0 0 0 115 22 0 1 120 0 14 1 108 28 1 1 89 12 0 1 101 23 0 1 95 0 0 1 84 28 0 1 98 8 0 1 87 25 10 1 90 3 15 1
155 28 7 1 166 24 30 1 180 22 3 1 178 38 47 1 187 35 0 1 144 25 2 1 170 8 14 1 174 25 25 1 203 33 44 1 0 0 0 0 223 58 78 1 200 74 67 1 194 90 47 1 196 75 52 1 219 112 82 1 212 106 83 1 0 0 0 0 221 78 65 1 186 87 74 1 199 73 68 1 204 80 65 1 218 72 56 1 206 46 60 1 176 55 40 1 200 56 30 1 160 33 37 1 161 22 12 1 132 19 23 1 144 19 0 1 133 34 25 1 131 27 0 1 0 0 0 0 143 14 17 1 164 28 7 1 154 19 32 1 148 30 4 1 141 14 24 1 116 2 4 1 136 36 0 1 145 27 0 1 0 0 0 0 142 9 0 1 105 18 15 1 143 0 20 1 127 31 37 1 130 28 0 1 111 21 14 1 130 43 24 1 114 15 34 1 122 11 19 1 113 11 6 1 91 29 2 1 106 5 0 1 94 15 32 1 0 0 0 0 103 7 13 1 64 4 11 1 68 0 19 1 76 2 0 1 0 0 0 0
139 30 23 1 175 34 0 1 177 42 24 1 171 0 0 1 172 35 4 1 161 35 15 1 169 20 30 1 157 28 17 1 177 39 44 1 184 46 43 1 207 87 48 1 181 55 44 1 207 69 66 1 0 0 0 0 205 72 73 1 221 72 57 1 197 82 57 1 189 81 79 1 198 75 49 1 194 56 82 1 205 90 24 1 185 52 37 1 193 48 34 1 178 27 25 1 171 46 28 1 145 15 14 1 169 0 6 1 151 7 5 1 137 22 20 1 152 16 27 1 138 13 10 1 124 19 0 1 129 0 20 1 137 0 7 1 161 10 48 1 152 0 32 1 132 23 10 1 125 8 3 1 126 11 12 1 0 0 0 0 120 3 0 1 139 14 12 1 121 11 0 1 142 14 12 1 144 0 1 1 116 13 42 1 138 23 7 1 112 11 14 1 104 3 6 1 104 29 8 1 106 12 21 1 92 22 0 1 108 10 0 1 66 48 7 1 78 0 1 1 100 0 29 1 85 7 0 1 95 11 36 1 65 31 26 1 77 7 9 1
167 36 30 1 168 5 18 1 176 4 3 1 144 38 0 1 167 32 43 1 0 0 0 0 188 0 11 1 153 12 22 1 164 23 36 1 199 16 31 1 182 42 39 1 180 38 29 1 165 69 46 1 195 41 47 1 179 42 35 1 211 74 28 1 220 55 22 1 182 47 28 1 203 42 45 1 177 52 51 1 189 67 37 1 173 35 26 1 195 56 24 1 145 18 16 1 170 12 26 1 138 14 20 1 0 0 0 0 129 6 12 1 162 0 11 1 163 45 14 1 115 3 17 1 157 11 16 1 155 7 7 1 152 16 26 1 139 36 36 1 161 27 5 1 0 0 0 0 132 20 18 1 94 27 23 1 0 0 0 0 102 38 21 1 128 12 31 1 110 0 10 1 138 14 2 1 119 4 13 1 113 34 11 1 0 0 0 0 95 0 13 1 87 25 25 1 94 21 0 1 0 0 0 0 103 6 4 1 77 22 3 1 82 17 17 1 72 21 29 1 93 30 21 1 86 8 30 1 64 1 16 1 49 27 0 1 69 41 0 1
158 44 31 1 165 45 0 1 158 20 12 1 175 28 0 1 166 0 19 1 0 0 0 0 156 13 14 1 0 0 0 0 164 30 4 1 188 0 35 1 160 18 0 1 181 35 6 1 187 31 6 1 178 50 34 1 180 29 41 1 167 35 33 1 154 26 25 1 209 37 22 1 211 46 58 1 0 0 0 0 182 51 22 1 168 40 41 1 153 20 34 1 180 7 0 1 156 0 13 1 151 0 0 1 0 0 0 0 154 29 8 1 129 15 23 1 131 15 3 1 166 12 0 1 103 40 18 1 121 22 0 1 123 2 17 1 149 27 31 1 153 2 32 1 133 16 5 1 119 21 19 1 106 0 0 1 113 21 0 1 109 25 12 1 117 24 0 1 119 23 26 1 116 24 7 1 123 3 4 1 125 26 16 1 126 20 2 1 91 4 10 1 96 17 3 1 96 0 20 1 88 0 12 1 82 34 8 1 100 12 3 1 90 18 0 1 74 12 21 1 84 0 5 1 70 4 0 1 62 0 11 1 49 34 23 1 49 12 8 1
190 33 0 1 188 48 25 1 163 14 16 1 178 16 13 1 164 33 19 1 144 29 14 1 148 4 13 1 158 24 27 1 164 0 46 1 170 25 8 1 189 29 11 1 173 31 34 1 148 18 2 1 173 35 32 1 0 0 0 0 153 25 15 1 175 18 7 1 165 25 5 1 167 54 23 1 172 35 21 1 161 51 23 1 144 43 13 1 157 20 0 1 141 39 20 1 156 0 13 1 153 13 28 1 129 19 30 1 148 31 21 1 136 0 0 1 134 0 0 1 138 22 22 1 130 6 0 1 121 9 27 1 136 21 3 1 142 7 17 1 134 18 10 1 129 19 2 1 131 10 0 1 127 40 36 1 124 16 10 1 102 0 0 1 106 28 5 1 105 19 0 1 145 12 0 1 100 14 4 1 103 0 10 1 111 0 0 1 110 0 30 1 89 7 6 1 102 20 10 1 93 28 1 1 92 0 18 1 66 0 28 1 63 20 0 1 62 23 24 1 60 11 6 1 50 6 14 1 57 20 11 1 50 16 3 1 60 18 33 1
158 26 22 1 162 26 0 1 168 20 6 1 131 19 0 1 163 3 14 1 162 9 10 1 156 42 37 1 156 29 0 1 151 4 4 1 168 10 0 1 151 27 23 1 158 11 13 1 174 43 8 1 183 26 2 1 164 17 10 1 175 24 28 1 168 34 22 1 140 12 38 1 153 39 0 1 173 34 21 1 137 3 29 1 160 45 12 1 153 13 20 1 0 0 0 0 155 35 11 1 0 0 0 0 128 30 0 1 127 0 8 1 128 32 20 1 161 35 18 1 129 21 30 1 128 4 0 1 134 24 44 1 137 40 0 1 129 26 22 1 126 7 5 1 96 41 9 1 131 27 8 1 107 18 14 1 126 23 11 1 0 0 0 0 104 10 15 1 105 11 2 1 109 26 24 1 99 4 24 1 98 8 33 1 91 25 1 1 79 13 0 1 66 22 2 1 80 15 15 1 86 9 16 1 0 0 0 0 78 0 46 1 91 37 0 1 60 18 29 1 92 21 0 1 66 4 18 1 56 12 1 1 55 1 10 1 80 30 0 1
151 6 18 1 136 33 13 1 160 20 0 1 167 13 0 1 135 19 11 1 139 47 10 1 168 41 26 1 154 6 24 1 143 35 0 1 0 0 0 0 154 3 13 1 155 20 22 1 164 27 6 1 124 15 26 1 163 55 12 1 143 20 11 1 170 23 4 1 158 11 21 1 170 29 3 1 165 38 10 1 170 7 19 1 150 17 8 1 153 26 0 1 161 13 9 1 153 9 14 1 138 7 0 1 134 41 17 1 145 38 21 1 129 14 24 1 145 25 1 1 121 28 0 1 125 11 0 1 128 40 0 1 118 25 0 1 108 0 0 1 107 25 5 1 122 26 30 1 98 6 0 1 110 17 0 1 0 0 0 0 0 0 0 0 107 16 25 1 106 29 0 1 0 0 0 0 83 2 1 1 95 0 0 1 103 16 2 1 93 15 15 1 100 6 8 1 84 20 0 1 68 23 0 1 124 6 1 1 97 1 13 1 0 0 0 0 61 1 3 1 75 0 0 1 60 18 30 1 60 8 4 1 42 8 25 1 0 0 0 0
139 18 17 1 150 20 18 1 173 21 0 1 0 0 0 0 0 0 0 0 167 40 33 1 185 25 25 1 159 37 0 1 155 11 18 1 159 19 11 1 139 14 11 1 167 21 0 1 138 33 15 1 160 20 0 1 147 27 30 1 150 0 8 1 0 0 0 0 167 7 22 1 161 6 0 1 130 11 17 1 139 20 14 1 139 20 4 1 134 20 0 1 145 27 0 1 139 23 11 1 129 36 16 1 117 17 10 1 151 20 0 1 150 16 29 1 122 25 22 1 123 17 15 1 115 17 8 1 122 14 2 1 127 0 0 1 116 5 9 1 120 0 0 1 108 35 6 1 123 0 0 1 104 6 10 1 104 31 7 1 116 4 21 1 126 7 7 1 96 29 7 1 121 0 0 1 84 21 0 1 107 13 12 1 101 17 13 1 86 0 0 1 0 0 0 0 75 20 0 1 79 24 0 1 85 7 7 1 84 20 0 1 66 17 14 1 72 0 0 1 51 0 19 1 50 8 16 1 36 9 13 1 0 0 0 0 51 2 4 1
128 15 0 1 136 32 31 1 133 32 3 1 134 29 14 1 139 10 37 1 170 32 23 1 164 21 29 1 157 29 12 1 147 23 5 1 152 11 0 1 150 23 12 1 152 42 23 1 155 11 13 1 157 28 22 1 128 13 18 1 145 32 44 1 170 17 13 1 145 10 16 1 0 0 0 0 0 0 0 0 142 0 8 1 141 28 6 1 0 0 0 0 137 0 2 1 125 14 18 1 116 0 18 1 122 22 5 1 137 8 0 1 117 29 10 1 105 7 9 1 137 15 0 1 104 9 16 1 137 8 40 1 95 21 6 1 97 30 10 1 113 26 0 1 125 16 14 1 119 6 0 1 92 0 7 1 100 0 9 1 77 7 0 1 108 18 20 1 80 0 14 1 0 0 0 0 98 10 14 1 76 5 2 1 69 9 0 1 65 37 0 1 97 26 19 1 52 12 0 1 79 29 0 1 75 32 17 1 40 0 0 1 48 0 0 1 0 0 0 0 84 29 10 1 42 4 9 1 54 9 8 1 39 2 0 1 39 0 2 1
117 32 0 1 143 37 18 1 140 5 1 1 153 23 16 1 139 22 3 1 0 0 0 0 159 34 25 1 128 18 12 1 149 43 12 1 151 39 3 1 153 28 0 1 143 27 0 1 130 22 5 1 160 22 20 1 133 49 0 1 169 39 11 1 134 28 0 1 153 40 16 1 161 15 28 1 122 23 0 1 127 0 0 1 166 22 0 1 136 38 21 1 136 23 9 1 118 5 9 1 141 30 12 1 116 10 6 1 123 2 0 1 126 19 17 1 125 17 3 1 115 36 0 1 118 11 0 1 0 0 0 0 122 18 7 1 99 0 0 1 129 20 4 1 0 0 0 0 94 22 8 1 95 6 0 1 115 0 8 1 102 12 17 1 109 17 4 1 107 12 13 1 91 19 9 1 0 0 0 0 69 0 0 1 80 5 0 1 63 0 0 1 71 33 0 1 89 12 0 1 65 11 12 1 68 16 0 1 39 12 0 1 72 0 0 1 38 0 16 1 60 13 7 1 80 2 6 1 33 10 0 1 46 14 0 1 37 0 9 1
120 9 31 1 123 17 5 1 0 0 0 0 135 34 19 1 132 37 24 1 162 17 35 1 135 26 6 1 147 28 10 1 142 44 12 1 141 27 15 1 143 21 7 1 159 22 14 1 134 26 16 1 132 29 30 1 132 26 5 1 118 0 0 1 126 25 26 1 146 13 0 1 155 21 0 1 145 22 18 1 106 21 3 1 138 8 0 1 113 11 21 1 131 6 18 1 125 12 13 1 139 22 0 1 98 32 12 1 125 37 39 1 103 18 0 1 116 28 0 1 126 25 21 1 103 32 0 1 109 11 0 1 108 39 5 1 102 9 16 1 96 46 0 1 85 0 21 1 94 33 7 1 81 0 31 1 83 3 18 1 96 4 21 1 89 40 22 1 81 9 10 1 86 8 23 1 84 19 7 1 102 25 3 1 80 20 3 1 63 11 19 1 86 23 0 1 48 3 0 1 76 30 0 1 82 22 0 1 53 7 0 1 44 0 13 1 0 0 0 0 17 9 0 1 66 16 5 1 51 12 0 1 34 0 0 1 28 2 11 1
127 35 0 1 138 17 13 1 144 33 12 1 137 12 11 1 144 15 14 1 0 0 0 0 141 14 20 1 151 8 3 1 135 24 16 1 149 10 3 1 136 0 0 1 143 11 7 1 142 23 6 1 0 0 0 0 145 23 11 1 142 11 7 1 0 0 0 0 135 7 13 1 175 7 0 1 137 42 0 1 122 16 10 1 131 22 20 1 131 24 20 1 139 2 10 1 109 10 28 1 95 22 0 1 121 12 10 1 107 10 10 1 113 27 18 1 120 32 10 1 125 32 14 1 128 8 0 1 92 14 16 1 103 4 18 1 96 27 19 1 109 33 0 1 91 24 19 1 95 5 10 1 113 25 0 1 79 8 0 1 109 1 6 1 78 6 22 1 77 18 0 1 109 19 8 1 78 8 0 1 77 35 21 1 97 5 0 1 65 25 0 1 71 10 1 1 82 12 4 1 82 0 0 1 45 8 10 1 39 19 2 1 0 0 0 0 0 0 0 0 70 30 0 1 21 24 0 1 41 22 1 1 39 25 19 1 0 0 0 0
149 11 0 1 135 11 7 1 129 8 0 1 153 17 10 1 128 10 0 1 122 19 0 1 138 24 0 1 132 38 9 1 141 21 0 1 132 15 7 1 136 38 10 1 130 10 28 1 144 17 9 1 148 15 0 1 129 8 10 1 145 25 30 1 136 10 0 1 102 28 0 1 128 57 5 1 146 10 35 1 127 28 0 1 0 0 0 0 125 14 0 1 117 11 12 1 105 4 0 1 128 21 3 1 123 21 16 1 97 22 21 1 104 35 0 1 0 0 0 0 115 31 6 1 99 0 23 1 107 18 6 1 109 8 0 1 127 25 10 1 97 0 11 1 86 35 10 1 77 1 7 1 79 39 8 1 69 10 7 1 72 24 7 1 66 6 19 1 84 13 0 1 74 0 10 1 69 1 2 1 67 20 0 1 65 0 31 1 0 0 0 0 70 0 12 1 78 0 0 1 62 21 0 1 41 27 21 1 0 0 0 0 46 0 6 1 33 0 17 1 28 27 18 1 54 5 0 1 46 0 0 1 46 0 11 1 25 14 1 1
137 11 0 1 134 9 14 1 133 19 0 1 132 27 13 1 130 42 13 1 135 23 0 1 0 0 0 0 129 0 0 1 164 6 5 1 131 28 11 1 0 0 0 0 146 8 23 1 142 27 0 1 0 0 0 0 146 22 15 1 122 15 11 1 138 20 6 1 134 6 20 1 140 30 8 1 128 13 19 1 106 23 0 1 132 8 0 1 106 29 21 1 98 10 5 1 115 32 0 1 0 0 0 0 110 8 1 1 95 0 0 1 101 24 0 1 73 29 11 1 0 0 0 0 117 0 0 1 102 16 2 1 105 18 17 1 89 17 0 1 0 0 0 0 76 4 17 1 0 0 0 0 97 19 2 1 91 1 26 1 72 5 32 1 0 0 0 0 97 10 11 1 91 9 20 1 67 20 21 1 58 0 1 1 61 11 0 1 60 23 12 1 53 26 0 1 38 0 0 1 58 0 0 1 54 0 9 1 40 25 0 1 29 0 0 1 29 0 0 1 0 0 0 0 24 14 24 1 41 15 0 1 28 21 0 1 33 15 9 1
134 0 6 1 136 17 0 1 133 33 1 1 115 19 0 1 153 34 19 1 117 33 0 1 140 0 1 1 104 12 9 1 137 9 16 1 129 24 4 1 148 11 0 1 123 49 0 1 159 10 3 1 125 25 23 1 133 29 0 1 105 15 0 1 117 17 0 1 121 34 5 1 118 27 0 1 139 28 10 1 123 22 6 1 116 9 29 1 121 22 0 1 124 2 7 1 113 25 0 1 125 27 13 1 105 39 22 1 124 20 2 1 94 8 0 1 100 23 0 1 99 5 15 1 123 0 6 1 104 32 0 1 91 24 0 1 82 36 0 1 76 0 0 1 77 21 19 1 68 25 14 1 90 0 0 1 81 21 4 1 79 12 1 1 0 0 0 0 91 14 0 1 0 0 0 0 84 12 0 1 62 0 18 1 46 6 0 1 58 1 19 1 54 21 9 1 40 24 0 1 32 1 16 1 25 17 11 1 48 1 8 1 25 5 0 1 33 17 0 1 34 25 4 1 24 8 8 1 28 25 0 1 28 12 0 1 36 3 11 1
140 23 0 1 126 21 26 1 118 32 2 1 124 14 5 1 126 10 4 1 137 4 0 1 143 2 0 1 124 0 12 1 153 10 21 1 146 0 0 1 135 17 0 1 137 28 0 1 129 23 0 1 153 24 0 1 136 24 11 1 143 8 8 1 0 0 0 0 121 16 0 1 116 17 4 1 103 5 0 1 126 34 8 1 0 0 0 0 130 36 0 1 0 0 0 0 124 0 22 1 125 2 0 1 0 0 0 0 101 30 15 1 111 22 6 1 103 35 6 1 89 23 0 1 96 6 1 1 74 4 0 1 0 0 0 0 65 0 23 1 86 20 9 1 57 12 0 1 91 0 16 1 72 0 2 1 88 10 0 1 63 2 27 1 78 0 2 1 67 7 1 1 82 0 0 1 62 22 12 1 56 1 0 1 43 21 4 1 64 8 14 1 46 19 0 1 32 17 12 1 16 38 0 1 0 0 0 0 0 0 0 0 0 0 0 0 33 10 0 1 32 21 0 1 47 26 0 1 42 13 4 1 8 0 6 1 43 15 0 1
119 40 9 1 122 10 26 1 121 16 0 1 95 25 0 1 114 25 14 1 151 42 20 1 140 7 0 1 130 0 0 1 147 43 0 1 0 0 0 0 0 0 0 0 121 6 4 1 0 0 0 0 125 16 14 1 111 0 9 1 111 17 0 1 117 10 7 1 132 27 0 1 121 25 0 1 141 20 0 1 101 13 16 1 106 17 20 1 99 16 0 1 120 27 12 1 106 19 0 1 71 20 0 1 104 27 0 1 88 0 18 1 0 0 0 0 100 7 0 1 89 5 18 1 0 0 0 0 95 28 16 1 95 7 0 1 70 2 0 1 97 33 11 1 69 26 37 1 94 16 5 1 66 11 22 1 44 8 0 1 60 13 18 1 60 13 5 1 59 4 1 1 49 25 2 1 0 0 0 0 49 0 0 1 42 5 16 1 65 2 1 1 31 4 3 1 28 3 0 1 37 3 16 1 54 25 14 1 38 28 0 1 0 34 12 1 26 25 0 1 19 11 0 1 9 9 8 1 17 13 10 1 19 0 14 1 8 26 19 1
119 23 4 1 130 17 19 1 0 0 0 0 124 10 6 1 130 10 22 1 122 25 0 1 130 10 7 1 129 32 10 1 137 0 18 1 137 0 0 1 100 11 0 1 132 24 11 1 131 16 2 1 124 23 0 1 105 19 0 1 138 33 7 1 107 0 8 1 112 7 0 1 132 7 13 1 117 23 0 1 124 15 18 1 107 0 0 1 101 0 0 1 106 2 14 1 126 30 20 1 92 0 0 1 98 0 0 1 97 17 35 1 78 10 13 1 109 16 13 1 82 25 7 1 102 23 0 1 104 4 6 1 0 0 0 0 69 11 0 1 62 16 0 1 83 0 24 1 89 25 19 1 41 3 22 1 56 20 0 1 61 12 26 1 80 19 13 1 51 27 0 1 51 25 0 1 29 19 0 1 0 0 0 0 30 26 17 1 55 23 16 1 24 0 0 1 46 13 1 1 0 0 0 0 45 5 0 1 0 0 0 0 25 1 16 1 43 7 21 1 9 0 5 1 29 0 17 1 22 25 0 1 32 23 0 1 14 9 0 1
0 0 0 0 90 36 23 1 101 30 12 1 102 9 0 1 119 30 28 1 0 0 0 0 128 37 12 1 126 28 16 1 114 2 25 1 96 39 5 1 117 31 12 1 118 14 20 1 0 0 0 0 116 23 2 1 138 23 44 1 108 22 15 1 0 0 0 0 109 13 0 1 119 21 39 1 103 23 0 1 116 14 24 1 100 16 0 1 103 14 0 1 99 27 1 1 94 4 3 1 84 13 4 1 0 0 0 0 89 9 6 1 87 29 20 1 90 5 8 1 90 12 17 1 0 0 0 0 65 6 4 1 91 44 4 1 87 0 4 1 67 0 17 1 54 13 0 1 70 26 3 1 43 36 8 1 58 32 26 1 54 8 17 1 62 2 16 1 55 13 19 1 45 9 10 1 54 0 0 1 52 26 2 1 45 8 0 1 0 0 0 0 34 6 0 1 0 0 0 0 35 10 7 1 26 14 18 1 5 3 0 1 14 24 0 1 14 8 27 1 37 21 12 1 0 0 0 0 0 22 17 1 26 15 6 1 29 10 8 1
81 10 0 1 123 22 24 1 120 16 11 1 94 33 17 1 113 12 20 1 120 6 0 1 134 25 26 1 121 7 21 1 113 7 19 1 125 39 3 1 123 27 8 1 132 18 17 1 0 0 0 0 127 11 22 1 121 8 0 1 112 0 18 1 131 13 6 1 110 26 0 1 109 30 5 1 112 0 9 1 100 18 18 1 130 22 25 1 0 0 0 0 86 14 15 1 90 0 19 1 112 31 0 1 90 0 13 1 69 9 20 1 0 0 0 0 84 27 9 1 62 17 6 1 83 0 0 1 71 17 0 1 84 13 6 1 69 0 9 1 80 1 7 1 50 14 0 1 44 24 11 1 34 21 15 1 67 17 9 1 64 0 4 1 49 5 20 1 20 16 3 1 28 0 23 1 51 17 0 1 33 19 5 1 21 4 0 1 37 0 0 1 28 0 0 1 42 10 7 1 13 14 1 1 21 0 0 1 22 11 3 1 33 9 0 1 11 5 13 1 18 1 0 1 23 9 0 1 14 5 22 1 4 20 16 1 14 2 0 1
46 10 0 1 76 31 0 1 93 8 16 1 102 29 21 1 116 32 18 1 110 24 0 1 116 38 19 1 124 12 11 1 116 0 8 1 0 0 0 0 114 16 11 1 105 18 10 1 114 10 21 1 93 40 0 1 106 24 10 1 106 0 5 1 76 19 16 1 115 11 7 1 0 0 0 0 109 7 31 1 92 31 0 1 0 0 0 0 86 9 0 1 98 23 0 1 80 6 0 1 89 7 29 1 82 15 8 1 69 0 6 1 78 25 24 1 78 16 9 1 62 10 0 1 86 20 0 1 71 15 0 1 96 25 14 1 53 0 27 1 63 22 7 1 44 10 20 1 45 25 0 1 71 4 0 1 39 0 4 1 40 0 9 1 54 15 11 1 38 38 7 1 55 0 15 1 34 17 2 1 46 18 22 1 23 2 14 1 44 30 2 1 0 28 23 1 11 0 13 1 41 17 0 1 1 0 8 1 7 14 23 1 11 17 0 1 9 0 0 1 11 8 0 1 6 0 12 1 13 0 11 1 8 0 0 1 15 5 0 1
53 6 2 1 64 24 21 1 67 19 25 1 86 6 0 1 99 0 23 1 93 10 19 1 101 15 27 1 110 23 16 1 84 3 18 1 95 30 4 1 99 20 40 1 112 0 32 1 124 10 24 1 105 1 29 1 93 6 0 1 104 11 7 1 94 33 7 1 0 0 0 0 105 7 16 1 108 21 0 1 72 12 0 1 99 11 0 1 111 8 18 1 86 13 1 1 73 17 0 1 73 21 26 1 70 12 0 1 111 0 13 1 76 0 9 1 72 21 0 1 78 24 19 1 56 0 24 1 59 0 3 1 70 10 0 1 69 0 17 1 53 0 12 1 0 0 0 0 45 17 12 1 73 4 6 1 50 10 0 1 76 14 0 1 28 0 16 1 16 9 16 1 31 0 9 1 42 26 1 1 41 0 1 1 26 27 27 1 46 2 0 1 18 3 0 1 30 12 15 1 0 0 0 0 0 24 32 1 30 1 18 1 0 0 0 1 15 10 0 1 0 0 0 1 24 27 0 1 14 0 22 1 34 1 4 1 30 13 0 1
34 10 4 1 45 11 0 1 76 15 0 1 90 14 7 1 88 5 0 1 0 0 0 0 0 0 0 0 97 17 0 1 96 12 2 1 85 23 0 1 106 0 1 1 95 32 12 1 91 10 19 1 81 7 28 1 76 22 7 1 66 41 1 1 91 17 0 1 114 0 0 1 99 0 0 1 86 0 20 1 80 15 0 1 0 0 0 0 68 0 15 1 69 0 5 1 67 12 6 1 91 21 9 1 56 33 0 1 54 6 17 1 57 7 12 1 68 5 13 1 70 6 0 1 0 0 0 0 58 0 11 1 39 7 17 1 60 13 5 1 63 0 0 1 42 19 8 1 54 4 0 1 48 13 11 1 45 8 0 1 0 0 0 0 0 0 0 0 0 0 0 0 0 0 0 0 36 0 0 1 0 0 0 0 32 27 0 1 30 7 0 1 7 26 0 1 18 11 26 1 25 8 3 1 8 6 0 1 10 0 18 1 27 27 4 1 30 11 0 1 22 0 10 1 20 8 2 1 25 8 1 1 17 0 12 1 39 0 15 1
33 14 2 1 8 0 0 1 63 0 0 1 47 11 13 1 83 35 0 1 107 22 21 1 85 6 7 1 89 15 6 1 112 0 4 1 100 8 7 1 105 0 4 1 0 0 0 0 83 14 15 1 103 2 0 1 84 6 0 1 77 12 3 1 80 2 26 1 96 40 15 1 80 6 0 1 91 0 3 1 84 10 3 1 107 0 3 1 69 15 2 1 94 5 0 1 56 6 22 1 65 20 0 1 67 32 0 1 54 0 8 1 58 23 4 1 61 16 4 1 52 6 17 1 48 18 0 1 61 25 20 1 43 11 0 1 0 0 0 0 32 2 31 1 34 11 18 1 0 0 0 0 50 27 0 1 29 0 11 1 0 0 0 0 43 4 0 1 18 16 0 1 45 0 23 1 26 21 0 1 18 0 12 1 31 7 12 1 24 19 0 1 2 20 6 1 35 0 0 1 17 30 0 1 3 21 3 1 29 15 26 1 5 11 10 1 47 0 6 1 17 6 20 1 0 0 0 1 0 0 0 0 0 12 12 1 4 4 0 1
0 3 0 1 0 10 0 1 0 0 6 1 20 0 0 1 64 17 13 1 58 21 11 1 0 0 0 0 46 6 23 1 77 19 1 1 97 16 47 1 94 9 9 1 105 27 0 1 81 15 0 1 73 29 0 1 81 32 13 1 100 18 11 1 72 27 10 1 97 0 9 1 75 0 3 1 0 0 0 0 109 2 5 1 72 0 21 1 90 21 23 1 57 18 7 1 44 7 11 1 55 18 14 1 68 0 0 1 81 38 0 1 56 17 0 1 57 26 9 1 46 14 6 1 66 7 10 1 56 0 25 1 46 0 15 1 48 18 6 1 56 5 0 1 10 0 12 1 59 20 31 1 14 23 27 1 0 0 0 0 0 0 0 0 21 0 8 1 28 19 26 1 28 9 0 1 13 0 2 1 29 2 11 1 6 12 21 1 22 8 19 1 0 0 0 0 9 0 17 1 0 0 0 1 12 0 0 1 21 0 6 1 8 21 27 1 1 17 7 1 29 16 5 1 7 6 27 1 5 0 25 1 23 13 0 1 29 18 0 1
2 1 0 1 22 13 0 1 12 18 0 1 10 11 6 1 42 0 0 1 55 12 2 1 33 4 36 1 84 0 4 1 87 18 16 1 99 27 0 1 86 37 14 1 88 18 15 1 116 18 0 1 0 0 0 0 83 21 1 1 83 33 0 1 70 3 0 1 73 18 19 1 85 24 2 1 62 23 4 1 43 12 17 1 75 24 0 1 60 9 21 1 0 0 0 0 55 8 33 1 55 20 12 1 0 0 0 0 43 0 7 1 69 16 48 1 51 21 6 1 78 18 33 1 35 2 11 1 40 0 13 1 56 2 8 1 48 0 0 1 54 12 0 1 19 49 0 1 28 13 0 1 33 18 1 1 30 10 21 1 10 15 0 1 28 0 15 1 35 19 2 1 37 3 11 1 26 8 6 1 0 13 12 1 21 20 12 1 7 24 1 1 24 0 2 1 0 13 0 1 0 0 0 1 0 1 21 1 36 26 11 1 11 0 0 1 16 0 4 1 27 0 11 1 27 0 0 1 0 0 0 0 18 0 6 1 37 13 14 1
4 9 0 1 10 0 0 1 11 14 21 1 0 0 0 0 40 0 0 1 0 0 0 0 37 0 14 1 30 16 0 1 85 20 12 1 82 29 12 1 126 27 26 1 96 18 22 1 82 24 12 1 119 9 25 1 72 19 13 1 82 27 1 1 84 22 11 1 98 12 3 1 61 2 42 1 69 9 0 1 68 23 13 1 65 6 12 1 54 18 0 1 67 0 0 1 45 0 18 1 41 8 6 1 32 16 24 1 67 13 11 1 41 12 0 1 61 26 0 1 35 0 0 1 60 20 0 1 46 0 0 1 0 0 0 0 50 7 14 1 21 0 8 1 22 11 0 1 23 6 26 1 2 16 5 1 47 0 11 1 13 1 12 1 21 5 14 1 29 14 5 1 46 0 0 1 18 0 11 1 21 12 24 1 7 0 15 1 5 25 20 1 32 3 0 1 21 20 0 1 12 6 16 1 0 20 0 1 8 12 31 1 14 15 15 1 15 14 0 1 17 9 29 1 3 2 0 1 20 0 0 1 28 46 0 1 0 0 0 0
20 15 0 1 27 18 8 1 21 0 9 1 16 6 0 1 11 9 0 1 15 14 0 1 19 2 14 1 37 15 0 1 58 17 6 1 57 23 9 1 105 16 18 1 97 0 25 1 107 24 25 1 89 30 6 1 121 20 10 1 107 8 0 1 85 29 0 1 57 11 0 1 57 14 8 1 48 10 15 1 74 9 13 1 48 11 0 1 70 16 0 1 53 17 3 1 52 0 11 1 82 0 0 1 68 15 0 1 68 2 3 1 0 0 0 0 41 17 8 1 40 16 11 1 46 0 19 1 33 8 2 1 45 0 0 1 44 27 3 1 34 13 13 1 13 25 10 1 32 0 0 1 20 5 0 1 27 15 0 1 9 21 0 1 30 3 0 1 14 0 4 1 0 0 0 0 5 0 0 1 18 6 21 1 7 5 0 1 27 5 0 1 22 30 11 1 15 9 17 1 0 2 18 1 13 6 0 1 6 22 21 1 15 0 0 1 34 0 6 1 39 0 18 1 22 0 17 1 3 0 0 1 0 0 10 1 34 0 3 1
