2
111 87 73 62
144 18 21 1 97 22 15 1 140 18 23 1 114 45 0 1 111 0 16 1 112 12 4 1 96 29 22 1 92 25 0 1 89 26 2 1 87 39 10 1 82 41 0 1 95 25 0 1 88 26 8 1 0 0 0 0 84 0 1 1 89 0 5 1 85 8 2 1 108 32 0 1 91 4 26 1 81 15 29 1 72 0 27 1 62 0 8 1 47 5 3 1 28 21 4 1 51 0 0 1 19 6 0 1 20 0 12 1 31 4 5 1 0 0 0 0 0 0 0 0 30 0 0 1 39 0 0 1 30 0 1 1 50 22 23 1 35 26 8 1 62 0 14 1 51 10 0 1 39 0 5 1 47 13 7 1 65 5 8 1 69 0 13 1 53 33 29 1 52 39 47 1 53 29 42 1 32 4 0 1 33 14 30 1 6 9 19 1 0 17 14 1 30 14 0 1 27 17 0 1 0 0 0 0 33 7 0 1 26 0 0 1 24 0 2 1 57 28 8 1 80 53 14 1 156 119 106 1 198 153 122 1 215 153 130 1 184 146 145 1 191 137 121 1 183 173 137 1
110 17 12 1 125 0 10 1 114 28 12 1 110 27 0 1 98 12 10 1 113 17 21 1 118 37 22 1 119 29 8 1 115 0 0 1 103 34 0 1 92 8 2 1 104 39 6 1 92 0 0 1 73 34 2 1 86 9 0 1 0 0 0 0 80 15 28 1 101 10 8 1 96 32 13 1 104 9 8 1 115 12 0 1 56 22 0 1 0 0 0 0 58 8 0 1 69 0 6 1 36 8 22 1 21 9 15 1 44 0 3 1 31 14 8 1 37 0 19 1 42 0 0 1 15 0 6 1 38 12 31 1 39 20 14 1 37 1 17 1 40 10 0 1 17 14 1 1 0 0 0 0 62 18 29 1 0 0 0 0 62 21 0 1 73 34 8 1 91 22 1 1 52 49 0 1 68 12 1 1 48 23 24 1 53 0 13 1 61 8 0 1 35 0 22 1 0 0 0 0 43 0 0 1 19 13 11 1 55 9 4 1 31 0 1 1 29 0 0 1 61 24 38 1 34 38 13 1 90 60 45 1 143 136 119 1 201 157 122 1 212 178 125 1 0 0 0 0
122 30 11 1 122 7 10 1 90 4 33 1 110 15 9 1 87 37 1 1 105 1 16 1 117 11 11 1 112 14 7 1 108 41 4 1 100 0 9 1 110 0 23 1 86 17 0 1 88 12 0 1 0 0 0 0 72 28 16 1 76 27 15 1 93 32 0 1 99 19 7 1 0 0 0 0 77 0 7 1 0 0 0 0 67 20 0 1 88 23 0 1 47 20 0 1 29 28 0 1 17 5 26 1 0 0 0 0 12 20 0 1 36 7 9 1 26 0 4 1 52 0 0 1 26 5 18 1 29 0 5 1 43 0 3 1 0 0 0 1 44 1 14 1 40 13 23 1 65 0 0 1 47 17 2 1 33 25 7 1 61 22 11 1 0 0 0 0 57 13 20 1 0 0 0 0 100 20 29 1 67 33 19 1 53 16 28 1 51 31 19 1 70 22 20 1 56 2 31 1 23 17 12 1 33 25 15 1 53 3 9 1 7 2 0 1 34 7 13 1 32 31 33 1 47 44 34 1 66 40 17 1 104 73 44 1 0 0 0 0 165 163 125 1 216 170 152 1
92 21 0 1 104 19 15 1 101 31 0 1 138 3 5 1 107 15 8 1 110 13 46 1 118 4 20 1 102 28 17 1 124 19 5 1 67 20 7 1 94 16 6 1 92 13 0 1 76 0 0 1 68 25 17 1 0 0 0 0 84 0 22 1 86 37 18 1 110 0 24 1 103 11 25 1 118 27 0 1 84 8 34 1 102 0 8 1 57 11 0 1 71 24 12 1 50 30 24 1 49 0 13 1 0 0 0 0 33 0 0 1 43 1 26 1 29 5 6 1 22 0 4 1 46 10 14 1 22 13 3 1 24 20 12 1 44 13 2 1 18 0 0 1 46 14 16 1 0 0 0 0 40 22 8 1 42 14 3 1 39 0 0 1 63 21 28 1 87 56 10 1 72 19 39 1 90 44 13 1 73 29 8 1 89 40 0 1 67 38 35 1 87 37 15 1 0 0 0 0 68 24 12 1 67 47 18 1 55 42 32 1 0 0 0 0 7 36 0 1 32 16 13 1 51 11 19 1 33 3 0 1 49 63 3 1 64 23 5 1 108 82 67 1 160 121 96 1
0 0 0 0 108 12 20 1 123 30 4 1 122 12 11 1 86 13 28 1 100 10 0 1 91 9 7 1 113 10 19 1 111 24 5 1 98 7 0 1 94 0 0 1 94 0 25 1 66 9 0 1 48 0 7 1 81 15 2 1 86 5 10 1 79 1 0 1 85 8 0 1 54 21 28 1 72 9 0 1 0 0 0 0 81 11 15 1 0 0 0 0 75 34 0 1 48 19 0 1 40 25 5 1 56 30 27 1 26 2 8 1 42 15 7 1 42 0 10 1 57 6 5 1 17 0 31 1 16 0 9 1 48 11 29 1 44 16 32 1 44 17 0 1 30 37 26 1 83 0 0 1 69 24 1 1 61 23 2 1 62 40 24 1 61 29 22 1 66 7 39 1 0 0 0 0 108 28 0 1 74 31 8 1 72 19 13 1 88 23 39 1 106 64 37 1 102 49 25 1 99 65 31 1 91 59 26 1 0 0 0 0 47 38 28 1 63 40 17 1 35 6 0 1 31 16 32 1 26 13 0 1 41 14 0 1 43 10 8 1 68 73 19 1 146 96 49 1
100 9 12 1 125 18 10 1 86 3 14 1 93 12 9 1 90 12 0 1 76 19 2 1 110 30 16 1 102 0 6 1 114 10 0 1 87 21 30 1 98 12 17 1 70 4 3 1 66 7 0 1 85 7 1 1 58 21 2 1 59 26 0 1 66 9 0 1 65 17 0 1 64 23 0 1 79 29 0 1 95 48 0 1 89 36 0 1 43 23 3 1 48 20 0 1 0 0 0 0 57 18 0 1 19 8 0 1 46 30 0 1 2 10 33 1 59 5 0 1 29 31 8 1 12 12 10 1 58 6 0 1 42 24 7 1 53 0 0 1 0 0 0 0 28 0 17 1 35 7 31 1 51 26 18 1 52 15 3 1 67 22 36 1 83 3 5 1 74 27 2 1 80 4 13 1 72 33 24 1 101 26 50 1 110 26 35 1 140 36 6 1 110 38 26 1 138 71 38 1 127 73 31 1 107 71 49 1 119 83 60 1 81 67 44 1 87 43 9 1 18 33 13 1 40 33 0 1 45 32 0 1 47 0 3 1 60 53 12 1 96 74 23 1 121 91 86 1
74 0 16 1 98 0 0 1 78 0 0 1 107 0 12 1 98 27 17 1 69 15 6 1 96 29 21 1 109 30 1 1 100 15 6 1 86 12 20 1 100 0 0 1 59 17 0 1 61 0 0 1 72 14 0 1 55 27 6 1 45 33 0 1 65 2 0 1 74 19 0 1 88 8 13 1 68 14 13 1 91 21 0 1 84 16 19 1 85 15 0 1 73 25 3 1 47 23 0 1 44 25 25 1 0 0 0 0 34 0 0 1 46 0 18 1 53 10 2 1 38 0 1 1 28 0 16 1 61 13 1 1 19 12 0 1 37 0 7 1 34 0 19 1 8 8 26 1 37 15 0 1 64 28 0 1 0 0 0 0 81 7 0 1 52 33 3 1 87 45 15 1 83 12 9 1 83 39 13 1 124 29 3 1 134 45 29 1 132 44 48 1 120 50 5 1 100 65 32 1 137 65 47 1 116 76 32 1 116 69 62 1 123 84 51 1 117 49 15 1 62 50 0 1 51 18 0 1 56 25 18 1 18 13 23 1 29 23 0 1 46 52 16 1 0 0 0 0
0 0 0 0 106 23 9 1 69 0 2 1 92 18 0 1 78 0 15 1 94 8 0 1 96 9 0 1 70 36 32 1 74 2 13 1 80 22 16 1 76 6 33 1 58 41 39 1 86 20 0 1 89 20 0 1 67 26 18 1 47 23 18 1 55 31 0 1 85 0 17 1 62 31 30 1 0 0 0 0 99 3 14 1 90 30 8 1 79 3 7 1 0 0 0 0 111 31 10 1 39 28 3 1 33 23 18 1 47 20 31 1 48 24 13 1 0 0 0 0 36 11 8 1 39 15 0 1 21 0 0 1 16 0 0 1 30 0 11 1 19 6 12 1 0 0 0 0 20 23 0 1 46 25 14 1 47 12 0 1 71 9 0 1 63 22 0 1 58 36 23 1 85 51 6 1 80 12 6 1 109 55 0 1 107 37 23 1 137 37 13 1 147 57 11 1 151 63 15 1 141 76 26 1 114 71 18 1 108 58 27 1 149 82 60 1 125 97 48 1 125 65 29 1 73 44 17 1 64 35 50 1 90 25 36 1 75 57 10 1 49 10 3 1 26 21 0 1
55 4 12 1 84 8 0 1 91 0 0 1 0 0 0 0 108 8 0 1 79 25 31 1 80 0 3 1 65 0 7 1 82 12 1 1 105 0 35 1 88 24 11 1 83 28 4 1 0 0 0 0 62 6 0 1 50 29 2 1 48 2 8 1 50 16 0 1 39 0 0 1 60 23 14 1 64 0 45 1 78 9 8 1 86 6 0 1 92 1 24 1 90 12 13 1 59 34 23 1 43 5 9 1 66 0 0 1 64 0 5 1 45 16 15 1 70 19 5 1 35 10 0 1 14 5 0 1 38 27 23 1 50 7 8 1 35 23 10 1 35 0 19 1 27 11 3 1 61 2 0 1 62 19 7 1 44 24 5 1 79 22 20 1 82 35 4 1 64 11 24 1 79 0 21 1 89 18 11 1 102 28 11 1 111 36 12 1 126 32 9 1 123 51 25 1 124 64 30 1 125 60 14 1 126 68 37 1 129 81 36 1 143 109 45 1 175 102 46 1 138 90 40 1 138 86 47 1 85 36 38 1 68 46 5 1 78 37 32 1 84 36 13 1 58 6 17 1
96 21 13 1 72 10 25 1 69 3 22 1 81 4 0 1 59 3 8 1 61 33 12 1 72 37 12 1 68 11 13 1 0 0 0 0 78 7 2 1 78 0 23 1 57 19 14 1 60 0 14 1 55 16 6 1 34 4 7 1 41 7 7 1 30 0 0 1 39 28 0 1 53 1 1 1 69 17 21 1 72 3 27 1 78 29 0 1 77 17 35 1 47 12 12 1 67 29 5 1 78 0 5 1 43 0 21 1 48 0 21 1 50 10 6 1 61 17 0 1 54 0 21 1 33 13 0 1 42 3 15 1 16 22 12 1 35 16 0 1 0 4 0 1 14 0 0 1 48 11 11 1 10 35 19 1 64 36 0 1 51 29 26 1 67 27 3 1 62 19 0 1 83 6 0 1 67 41 1 1 78 51 17 1 90 40 28 1 147 38 42 1 138 48 25 1 134 61 49 1 130 89 20 1 0 0 0 0 119 76 16 1 152 115 67 1 161 90 45 1 179 115 65 1 154 110 51 1 163 110 79 1 136 59 67 1 0 0 0 0 67 27 0 1 65 27 0 1
85 39 14 1 75 9 11 1 80 11 19 1 80 0 16 1 85 7 0 1 106 0 26 1 67 19 0 1 66 1 19 1 72 29 15 1 74 21 13 1 72 14 9 1 68 10 4 1 46 31 0 1 76 24 13 1 33 13 0 1 50 9 12 1 57 6 8 1 0 0 0 0 53 15 1 1 67 0 0 1 68 30 23 1 0 0 0 0 74 18 27 1 64 13 28 1 58 28 0 1 57 34 26 1 56 35 0 1 41 3 3 1 0 0 0 0 0 0 0 0 25 19 0 1 34 7 10 1 40 29 7 1 35 0 2 1 40 32 9 1 30 11 0 1 0 13 27 1 37 0 4 1 17 14 0 1 34 13 3 1 70 19 17 1 64 15 1 1 50 21 0 1 110 18 23 1 99 44 8 1 114 32 30 1 98 40 1 1 113 31 41 1 114 60 12 1 139 22 41 1 113 53 7 1 115 58 0 1 149 61 32 1 144 62 33 1 161 72 40 1 174 80 54 1 155 102 58 1 163 129 97 1 0 0 0 0 153 98 66 1 85 37 11 1 74 34 9 1
51 19 0 1 80 3 16 1 68 28 3 1 51 36 21 1 57 2 6 1 45 33 0 1 60 0 11 1 53 7 10 1 53 9 3 1 62 1 11 1 64 4 18 1 53 0 28 1 53 15 0 1 69 14 6 1 43 21 14 1 40 3 7 1 34 0 0 1 50 15 25 1 56 0 0 1 60 7 16 1 40 17 0 1 53 3 9 1 56 22 10 1 0 0 0 0 42 26 1 1 52 0 0 1 46 12 0 1 50 18 6 1 45 0 3 1 63 15 4 1 49 18 18 1 38 8 0 1 28 4 11 1 37 10 0 1 22 0 7 1 16 14 3 1 38 26 3 1 29 0 16 1 22 1 15 1 42 32 0 1 48 43 7 1 79 26 31 1 58 17 22 1 64 6 10 1 66 34 21 1 103 22 25 1 0 0 0 0 101 60 0 1 94 49 16 1 120 35 22 1 0 0 0 0 129 57 38 1 138 53 24 1 167 97 37 1 179 84 51 1 174 97 53 1 168 90 66 1 133 74 56 1 157 113 70 1 167 108 86 1 99 75 54 1 80 3 0 1
87 8 14 1 88 18 7 1 36 11 6 1 35 22 20 1 66 27 1 1 61 0 0 1 60 19 2 1 36 0 0 1 47 4 11 1 65 4 20 1 60 8 19 1 55 11 13 1 0 0 0 0 39 0 0 1 21 18 27 1 31 20 12 1 55 23 8 1 39 25 0 1 36 23 9 1 55 0 0 1 42 11 18 1 0 0 0 0 0 0 0 0 66 33 5 1 63 0 9 1 58 6 2 1 70 16 25 1 55 0 13 1 67 1 16 1 62 20 0 1 63 27 1 1 39 12 37 1 38 38 0 1 31 17 29 1 31 5 16 1 30 29 11 1 5 0 14 1 13 24 0 1 27 5 7 1 54 28 22 1 30 9 3 1 0 0 0 0 91 26 8 1 89 32 5 1 69 34 20 1 110 18 20 1 98 32 21 1 71 31 1 1 105 33 6 1 135 45 33 1 146 69 29 1 147 81 34 1 125 47 40 1 149 102 47 1 172 107 39 1 181 111 57 1 147 92 69 1 155 118 65 1 187 103 99 1 170 111 73 1 142 80 86 1 97 74 38 1
45 17 14 1 46 11 0 1 60 11 36 1 58 22 17 1 46 0 0 1 20 22 0 1 53 0 0 1 39 14 1 1 28 6 0 1 38 0 9 1 66 0 7 1 61 0 5 1 60 17 11 1 42 0 11 1 53 0 0 1 0 0 0 0 7 20 1 1 0 0 0 0 39 1 4 1 35 23 0 1 52 8 0 1 33 17 0 1 51 6 0 1 45 13 0 1 60 3 6 1 56 0 23 1 0 0 0 0 48 22 13 1 61 36 0 1 47 11 5 1 51 9 0 1 39 9 4 1 34 12 10 1 26 0 13 1 54 14 0 1 34 0 3 1 0 0 0 0 15 16 9 1 47 19 13 1 47 5 0 1 62 22 3 1 55 31 8 1 75 10 7 1 54 16 1 1 74 40 4 1 90 46 33 1 92 29 38 1 102 33 52 1 137 54 13 1 125 54 49 1 122 60 24 1 163 56 33 1 162 67 44 1 0 0 0 0 190 84 31 1 172 86 72 1 171 107 76 1 178 111 73 1 180 92 62 1 196 130 75 1 158 113 79 1 122 58 39 1
66 3 0 1 52 18 0 1 77 1 10 1 62 17 0 1 30 17 15 1 0 0 0 0 58 8 0 1 30 9 15 1 50 17 22 1 37 0 1 1 55 10 9 1 66 24 0 1 50 15 20 1 20 26 6 1 27 28 6 1 36 0 0 1 29 14 0 1 41 1 0 1 3 0 2 1 32 0 0 1 40 10 3 1 49 3 1 1 64 6 0 1 26 7 16 1 41 5 12 1 42 0 7 1 25 9 0 1 68 10 0 1 29 14 0 1 54 4 15 1 63 29 12 1 31 17 22 1 78 20 0 1 26 0 0 1 4 7 0 1 30 16 0 1 6 15 16 1 9 3 3 1 20 10 14 1 59 0 0 1 0 0 0 0 61 32 11 1 88 0 8 1 99 45 12 1 96 27 16 1 0 0 0 0 87 54 46 1 130 62 48 1 109 77 50 1 138 61 22 1 120 50 31 1 144 49 26 1 0 0 0 0 154 82 35 1 150 61 38 1 0 0 0 0 160 63 45 1 0 0 0 0 137 95 50 1 158 80 61 1 182 82 84 1 156 134 67 1
56 34 33 1 58 15 0 1 49 17 12 1 69 5 0 1 54 44 0 1 70 0 24 1 40 0 5 1 31 19 0 1 33 2 0 1 50 0 12 1 38 24 4 1 36 1 21 1 44 28 23 1 47 12 0 1 29 0 9 1 0 0 0 0 29 18 0 1 51 0 0 1 16 0 0 1 0 0 0 0 39 24 0 1 43 14 0 1 47 27 7 1 50 0 24 1 13 12 0 1 64 9 20 1 61 0 9 1 53 0 7 1 24 10 0 1 55 32 12 1 0 0 0 0 51 7 0 1 43 3 2 1 43 0 22 1 45 0 19 1 18 6 24 1 22 15 18 1 0 0 0 1 33 0 8 1 29 0 29 1 25 0 0 1 57 21 20 1 67 48 13 1 82 29 9 1 78 60 0 1 97 43 10 1 64 50 6 1 0 0 0 0 93 26 17 1 124 66 12 1 122 57 23 1 155 61 47 1 146 84 29 1 145 84 38 1 145 64 24 1 0 0 0 0 175 95 74 1 213 100 55 1 164 91 35 1 149 89 44 1 174 126 65 1 165 95 76 1
43 6 5 1 50 10 0 1 56 22 16 1 0 0 0 0 0 0 0 0 39 8 0 1 28 15 0 1 41 12 1 1 22 13 9 1 43 0 1 1 56 19 4 1 58 7 18 1 52 10 0 1 47 0 20 1 7 12 0 1 25 0 17 1 0 0 0 0 19 13 5 1 14 14 0 1 32 0 0 1 0 0 0 0 0 0 0 0 32 13 1 1 16 26 14 1 20 8 0 1 28 7 1 1 32 0 0 1 61 13 10 1 36 15 16 1 71 0 21 1 35 3 0 1 37 2 10 1 28 13 25 1 0 0 0 0 15 0 7 1 0 3 6 1 0 0 0 0 0 0 0 0 34 11 2 1 64 30 5 1 14 1 14 1 47 15 0 1 60 22 0 1 79 29 0 1 42 32 17 1 0 0 0 0 121 26 2 1 100 36 7 1 108 58 32 1 126 90 23 1 134 62 13 1 135 59 37 1 126 38 45 1 0 0 0 0 155 83 38 1 169 81 49 1 167 110 47 1 0 0 0 0 156 93 45 1 195 114 51 1 174 114 76 1 119 100 73 1
0 0 0 0 35 4 5 1 40 34 0 1 28 2 3 1 33 46 26 1 47 0 36 1 23 0 19 1 27 0 37 1 26 1 27 1 24 8 0 1 34 1 0 1 37 0 3 1 19 0 0 1 28 6 4 1 13 5 0 1 18 0 0 1 25 19 0 1 0 0 0 0 32 0 7 1 0 0 0 0 0 0 0 0 38 14 4 1 0 0 0 0 0 0 0 0 28 0 6 1 63 20 15 1 51 15 0 1 43 11 0 1 75 2 12 1 51 13 9 1 54 12 20 1 49 14 16 1 72 28 3 1 16 15 0 1 20 0 6 1 16 25 11 1 3 14 4 1 0 5 0 1 14 20 0 1 45 0 10 1 26 46 0 1 82 18 16 1 35 7 0 1 0 0 0 0 77 38 38 1 114 38 3 1 103 23 17 1 0 0 0 0 154 40 27 1 143 58 27 1 139 56 25 1 152 63 13 1 149 90 52 1 174 79 23 1 180 77 45 1 152 72 43 1 177 68 47 1 160 92 86 1 192 108 60 1 165 83 48 1 166 94 64 1 168 106 70 1
40 17 13 1 50 7 7 1 49 26 27 1 0 0 0 0 26 5 5 1 33 7 19 1 41 0 0 1 19 0 0 1 12 0 15 1 28 8 2 1 0 0 0 0 20 0 8 1 32 12 0 1 34 0 0 1 24 2 23 1 41 8 0 1 25 0 8 1 20 0 1 1 22 19 23 1 32 0 18 1 31 23 0 1 52 8 9 1 32 0 10 1 0 0 0 0 24 0 19 1 42 6 7 1 0 0 0 0 0 0 0 0 48 14 24 1 0 0 0 0 44 26 14 1 23 0 29 1 30 7 24 1 12 7 22 1 32 22 12 1 7 0 4 1 25 0 8 1 36 0 0 1 32 0 9 1 11 10 0 1 34 5 0 1 50 5 0 1 42 8 6 1 61 41 12 1 77 21 31 1 119 20 31 1 121 53 12 1 118 38 17 1 151 76 15 1 124 33 40 1 160 57 3 1 0 0 0 0 144 100 44 1 156 80 29 1 159 62 27 1 187 42 29 1 190 97 57 1 202 99 70 1 162 65 69 1 164 108 38 1 166 98 61 1 169 77 57 1
62 11 3 1 56 9 10 1 14 3 0 1 24 0 0 1 17 0 8 1 45 1 18 1 22 0 12 1 27 13 2 1 43 9 0 1 14 14 16 1 11 17 2 1 31 21 4 1 20 10 23 1 0 0 0 0 35 0 5 1 3 15 11 1 27 9 9 1 39 0 0 1 30 29 19 1 0 0 0 0 37 18 0 1 32 0 0 1 32 14 0 1 11 4 20 1 0 0 0 0 44 0 0 1 46 31 0 1 38 6 15 1 53 15 4 1 0 0 0 0 50 0 27 1 30 0 7 1 54 16 0 1 24 19 0 1 7 12 8 1 15 1 13 1 27 15 13 1 22 0 7 1 27 0 16 1 16 9 0 1 27 18 3 1 45 13 12 1 47 17 7 1 61 9 0 1 89 24 2 1 107 21 3 1 88 25 6 1 99 45 23 1 91 63 46 1 124 57 15 1 134 57 3 1 138 55 34 1 166 87 59 1 159 48 43 1 157 67 52 1 165 77 31 1 169 94 51 1 193 84 69 1 174 103 49 1 175 101 71 1 185 114 58 1 174 105 59 1
0 0 0 0 24 2 7 1 0 0 0 0 8 20 26 1 16 0 0 1 32 7 0 1 24 2 15 1 16 0 19 1 38 0 17 1 28 12 11 1 21 17 10 1 31 16 5 1 23 8 11 1 0 0 0 0 1 0 0 1 31 11 1 1 45 0 0 1 18 35 4 1 41 0 0 1 24 14 24 1 12 2 14 1 28 12 0 1 20 22 12 1 44 18 15 1 12 6 9 1 42 7 18 1 31 20 14 1 25 2 19 1 52 31 0 1 69 32 12 1 62 0 15 1 0 0 0 0 42 0 2 1 17 11 2 1 0 0 0 0 23 0 0 1 0 0 0 0 5 2 7 1 1 0 13 1 28 17 9 1 31 18 2 1 22 21 27 1 0 0 0 0 74 22 7 1 66 9 20 1 70 28 3 1 0 0 0 0 91 42 0 1 123 11 16 1 126 38 25 1 108 58 36 1 136 55 29 1 133 48 62 1 0 0 0 0 133 75 25 1 166 78 57 1 194 89 64 1 150 85 73 1 169 82 21 1 0 0 0 0 195 116 78 1 197 106 68 1
24 29 7 1 40 0 0 1 32 9 6 1 32 0 0 1 36 6 7 1 11 26 0 1 10 21 17 1 14 0 14 1 10 8 28 1 36 0 0 1 31 12 23 1 36 0 0 1 34 12 0 1 38 15 16 1 23 10 0 1 22 3 9 1 15 21 0 1 0 0 0 1 35 18 0 1 34 20 25 1 23 0 0 1 35 0 19 1 38 12 0 1 38 16 22 1 0 0 0 0 38 16 9 1 0 0 0 0 29 17 0 1 34 15 4 1 44 18 15 1 10 15 0 1 0 0 0 0 25 11 0 1 12 44 0 1 23 10 5 1 0 11 0 1 0 0 8 1 14 16 18 1 35 30 0 1 20 0 14 1 18 0 1 1 0 0 0 0 28 3 18 1 37 3 12 1 77 42 35 1 72 36 27 1 70 34 30 1 108 34 10 1 118 35 40 1 107 62 38 1 108 62 26 1 140 47 50 1 153 84 50 1 0 0 0 0 154 70 27 1 156 71 64 1 165 63 60 1 169 107 50 1 192 81 63 1 190 86 60 1 182 82 56 1 169 72 79 1
45 0 0 1 20 19 2 1 0 0 0 0 35 15 22 1 38 10 16 1 30 3 8 1 22 0 2 1 3 4 2 1 37 0 8 1 25 12 10 1 32 0 0 1 18 6 0 1 39 2 3 1 23 6 18 1 25 22 11 1 39 20 9 1 28 42 0 1 0 0 0 0 0 0 0 0 28 4 4 1 52 5 12 1 24 0 16 1 53 0 11 1 27 11 0 1 39 21 0 1 40 10 0 1 0 0 0 0 47 0 3 1 45 26 18 1 43 0 34 1 46 1 4 1 21 17 0 1 29 0 4 1 14 0 17 1 1 0 0 1 26 7 8 1 0 14 24 1 23 17 0 1 9 0 25 1 33 23 4 1 0 16 7 1 0 0 0 0 11 27 3 1 56 0 4 1 0 0 0 0 82 31 32 1 83 38 2 1 100 38 30 1 114 61 26 1 127 80 27 1 118 66 29 1 137 54 25 1 124 52 38 1 156 62 43 1 142 85 44 1 169 75 58 1 160 72 49 1 164 68 59 1 155 75 44 1 0 0 0 0 177 105 53 1 204 112 67 1
53 5 0 1 50 22 10 1 31 2 0 1 30 0 4 1 13 0 9 1 21 13 30 1 21 12 19 1 17 3 0 1 5 4 5 1 6 0 9 1 39 2 0 1 26 27 0 1 28 26 0 1 19 0 15 1 0 0 0 0 59 13 12 1 26 10 0 1 33 10 0 1 32 9 0 1 35 33 0 1 24 0 25 1 39 11 0 1 20 22 5 1 9 17 21 1 26 8 0 1 32 19 29 1 27 14 0 1 41 31 26 1 37 7 13 1 54 0 0 1 45 0 1 1 11 4 1 1 21 0 0 1 27 0 0 1 4 13 0 1 25 20 0 1 0 0 15 1 19 0 7 1 27 0 0 1 14 0 23 1 10 9 7 1 6 10 0 1 16 0 17 1 24 0 14 1 38 17 28 1 63 15 5 1 59 25 20 1 74 37 31 1 0 0 0 0 114 67 22 1 111 56 26 1 138 54 39 1 126 56 25 1 126 50 52 1 154 59 29 1 154 87 47 1 166 63 37 1 0 0 0 0 157 82 40 1 197 93 57 1 168 102 58 1 208 99 75 1
20 0 0 1 3 13 4 1 0 0 0 0 41 7 0 1 18 20 2 1 13 0 0 1 22 22 16 1 2 9 0 1 21 6 0 1 24 13 0 1 36 0 0 1 33 10 2 1 26 20 0 1 34 0 0 1 39 22 7 1 41 13 0 1 11 0 14 1 34 9 2 1 19 0 0 1 10 1 1 1 18 14 24 1 20 0 0 1 36 31 16 1 46 19 11 1 31 0 0 1 26 16 7 1 39 25 0 1 20 9 10 1 19 0 0 1 50 14 0 1 0 0 0 0 13 0 1 1 40 23 0 1 25 0 16 1 7 0 0 1 0 16 0 1 0 0 0 0 16 0 0 1 15 0 12 1 39 0 0 1 10 8 0 1 0 0 0 0 10 0 1 1 30 19 0 1 29 21 11 1 40 5 13 1 69 27 24 1 0 0 0 0 113 23 22 1 98 59 11 1 94 58 25 1 132 47 41 1 107 64 34 1 132 51 50 1 0 0 0 0 158 78 18 1 157 64 27 1 146 92 65 1 0 0 0 0 147 67 65 1 204 93 58 1 180 80 54 1
38 8 7 1 36 21 14 1 13 0 15 1 31 8 5 1 0 0 0 0 10 28 5 1 27 0 0 1 11 0 15 1 5 9 0 1 45 7 2 1 8 17 7 1 20 21 0 1 39 4 15 1 19 0 0 1 9 14 15 1 24 0 0 1 0 0 2 1 25 0 11 1 22 6 0 1 32 14 5 1 33 19 14 1 0 0 0 0 16 0 15 1 13 22 22 1 50 0 9 1 21 15 2 1 20 29 0 1 12 6 14 1 36 14 31 1 46 24 17 1 30 0 14 1 10 0 13 1 0 8 11 1 0 0 0 0 0 0 0 0 28 10 6 1 0 0 12 1 6 6 16 1 32 0 3 1 18 0 0 1 0 0 0 1 0 0 0 1 13 23 10 1 5 0 6 1 3 18 24 1 29 11 7 1 34 0 0 1 51 22 26 1 61 21 20 1 85 28 27 1 0 0 0 0 114 58 15 1 96 57 26 1 125 41 54 1 123 77 44 1 0 0 0 0 159 64 36 1 176 79 33 1 151 119 40 1 164 71 67 1 141 78 62 1 168 105 68 1
40 6 0 1 32 0 0 1 33 4 0 1 19 39 27 1 34 0 0 1 9 7 0 1 42 0 3 1 11 0 4 1 5 4 0 1 22 22 0 1 8 0 7 1 32 4 3 1 30 0 14 1 30 0 4 1 0 0 0 0 47 4 11 1 34 23 9 1 13 0 3 1 0 0 0 0 29 26 7 1 30 5 25 1 31 0 24 1 26 13 0 1 6 13 21 1 30 11 0 1 17 0 24 1 26 49 0 1 23 11 0 1 18 12 2 1 13 2 1 1 0 0 0 0 15 22 3 1 0 0 0 0 0 5 0 1 0 0 0 0 16 7 9 1 0 2 0 1 22 1 0 1 0 0 0 0 36 0 2 1 0 0 2 1 0 0 0 0 0 11 24 1 36 0 3 1 0 0 0 0 13 6 1 1 18 4 28 1 46 23 0 1 30 13 0 1 49 27 3 1 0 0 0 0 115 40 0 1 80 32 28 1 114 81 4 1 0 0 0 0 157 61 37 1 137 61 5 1 170 58 29 1 139 90 48 1 138 75 52 1 165 63 68 1 157 100 38 1
17 0 8 1 14 0 2 1 17 0 18 1 14 8 13 1 24 3 12 1 0 0 0 0 21 6 0 1 33 22 0 1 43 18 1 1 28 0 0 1 12 0 2 1 24 0 0 1 19 0 0 1 22 0 0 1 29 8 0 1 0 0 0 0 16 4 8 1 12 0 0 1 0 12 0 1 41 10 2 1 28 9 28 1 0 0 0 0 25 4 21 1 44 28 8 1 48 0 2 1 17 31 3 1 43 49 18 1 40 0 12 1 27 5 0 1 8 0 0 1 11 0 3 1 0 11 3 1 27 36 0 1 17 11 0 1 0 6 0 1 11 17 22 1 0 10 6 1 24 0 6 1 3 6 2 1 0 0 33 1 18 0 19 1 0 0 0 1 5 9 23 1 9 0 6 1 16 0 0 1 0 3 0 1 23 0 12 1 17 14 0 1 0 10 7 1 48 8 5 1 36 1 18 1 46 43 0 1 64 62 0 1 114 38 44 1 114 76 27 1 147 70 39 1 140 56 20 1 159 80 33 1 159 79 56 1 144 103 61 1 147 97 66 1 180 71 65 1
2 11 17 1 26 3 0 1 12 0 3 1 0 0 0 1 38 21 8 1 10 1 4 1 24 22 0 1 19 27 7 1 0 0 0 0 13 0 0 1 26 0 0 1 44 0 4 1 0 0 0 0 0 0 0 0 25 0 0 1 7 11 0 1 18 0 0 1 0 0 0 0 30 0 9 1 22 8 22 1 16 0 25 1 16 3 2 1 0 0 0 0 25 0 0 1 29 11 0 1 41 0 1 1 7 9 2 1 55 17 4 1 20 14 12 1 1 23 0 1 30 0 12 1 34 21 16 1 13 3 9 1 18 23 0 1 19 0 16 1 20 5 3 1 0 6 12 1 0 16 0 1 10 0 0 1 0 0 16 1 13 17 17 1 0 5 3 1 0 0 0 0 3 0 23 1 0 11 8 1 28 0 1 1 0 0 0 0 19 3 7 1 34 0 3 1 17 6 4 1 10 0 8 1 45 10 0 1 72 19 19 1 89 49 19 1 0 0 0 0 147 72 36 1 145 93 45 1 153 101 68 1 155 92 47 1 160 96 62 1 164 79 51 1 172 109 74 1
31 0 4 1 15 2 1 1 0 0 0 0 37 0 0 1 6 0 0 1 2 0 10 1 31 26 0 1 36 21 0 1 8 16 0 1 11 13 5 1 0 0 0 0 46 3 0 1 13 15 4 1 21 13 0 1 36 0 0 1 28 7 10 1 1 0 7 1 19 9 18 1 55 16 0 1 0 0 0 0 10 11 20 1 16 30 17 1 0 0 0 0 37 4 0 1 17 36 6 1 16 29 4 1 0 0 0 0 30 3 0 1 0 0 0 0 0 22 0 1 10 4 3 1 11 1 9 1 20 0 18 1 0 0 0 0 24 0 0 1 17 18 10 1 12 0 0 1 8 10 13 1 16 0 15 1 11 3 7 1 0 0 0 0 20 37 0 1 8 0 3 1 19 1 0 1 9 1 1 1 0 0 0 0 1 11 11 1 43 0 0 1 9 18 0 1 25 0 0 1 16 12 16 1 30 12 17 1 0 0 0 0 68 8 11 1 82 52 45 1 0 0 0 0 147 59 45 1 134 95 54 1 133 90 36 1 168 87 60 1 172 80 58 1 176 116 47 1
19 11 13 1 24 20 10 1 29 0 6 1 25 0 10 1 26 0 10 1 13 1 1 1 30 16 12 1 7 3 15 1 33 0 0 1 12 37 3 1 18 10 5 1 48 13 2 1 0 0 0 0 27 11 0 1 0 0 0 1 8 2 0 1 35 12 36 1 16 21 0 1 30 0 0 1 32 16 17 1 12 5 13 1 37 19 5 1 24 13 13 1 0 0 0 0 35 12 7 1 33 28 0 1 9 0 0 1 3 9 1 1 20 8 2 1 0 1 15 1 20 0 0 1 27 0 9 1 29 0 0 1 9 0 7 1 42 19 0 1 7 14 1 1 40 0 0 1 0 0 0 0 0 16 0 1 0 12 12 1 24 12 16 1 35 17 0 1 16 28 10 1 6 0 33 1 20 2 5 1 6 24 6 1 0 3 0 1 10 6 6 1 35 0 11 1 0 0 0 1 0 0 0 0 23 0 19 1 0 0 0 0 51 16 0 1 52 7 9 1 111 25 30 1 104 45 46 1 137 58 8 1 0 0 0 0 130 79 47 1 160 103 63 1 170 76 48 1
26 16 21 1 40 2 0 1 33 0 11 1 34 13 0 1 37 0 7 1 23 0 0 1 26 9 0 1 14 10 0 1 34 3 0 1 24 9 10 1 0 0 0 1 2 0 0 1 5 4 0 1 13 33 0 1 4 9 0 1 19 31 32 1 20 8 0 1 19 25 3 1 12 14 9 1 37 0 0 1 24 29 2 1 44 11 0 1 24 0 0 1 13 0 11 1 4 9 4 1 27 8 0 1 28 7 43 1 18 29 0 1 9 0 0 1 0 20 0 1 0 0 0 1 7 0 8 1 0 0 0 0 0 4 7 1 0 0 0 1 11 6 27 1 0 8 25 1 19 24 0 1 26 0 0 1 27 8 11 1 7 28 0 1 39 0 0 1 35 4 0 1 33 16 3 1 48 20 0 1 40 7 5 1 47 14 0 1 0 6 26 1 5 23 0 1 24 19 5 1 0 0 4 1 0 12 0 1 15 4 4 1 20 11 8 1 9 0 1 1 42 20 24 1 62 20 17 1 88 30 0 1 0 0 0 0 114 46 20 1 90 55 35 1 124 56 25 1
24 0 0 1 35 10 2 1 25 12 7 1 8 0 0 1 7 1 0 1 5 1 26 1 15 0 0 1 29 1 0 1 32 0 25 1 14 26 1 1 2 0 8 1 43 0 1 1 17 0 6 1 8 2 15 1 27 12 0 1 31 0 1 1 44 8 0 1 25 25 4 1 34 8 0 1 23 0 0 1 20 0 0 1 17 13 0 1 29 7 0 1 61 0 14 1 7 0 0 1 20 4 6 1 8 0 0 1 15 1 12 1 47 7 0 1 32 21 21 1 21 21 5 1 23 0 0 1 27 13 0 1 12 12 14 1 29 17 0 1 4 6 2 1 0 24 11 1 0 8 3 1 36 0 16 1 6 0 11 1 22 18 19 1 32 5 19 1 8 27 8 1 26 25 2 1 31 6 0 1 38 12 18 1 30 29 27 1 30 38 26 1 3 20 20 1 13 6 0 1 0 12 0 1 6 12 32 1 5 13 0 1 4 13 0 1 44 0 1 1 21 5 10 1 35 20 0 1 64 6 11 1 68 25 4 1 0 0 0 0 108 27 0 1 142 72 14 1
13 28 11 1 10 4 2 1 15 0 0 1 29 1 0 1 43 10 0 1 26 20 14 1 0 23 0 1 26 0 26 1 30 0 6 1 27 0 17 1 2 0 14 1 11 17 3 1 42 1 25 1 50 0 18 1 23 28 9 1 48 19 16 1 26 5 0 1 2 3 0 1 24 17 0 1 21 0 4 1 21 0 21 1 40 14 3 1 9 0 15 1 19 6 0 1 22 0 5 1 32 0 0 1 28 0 2 1 11 4 0 1 28 14 0 1 7 12 2 1 11 0 0 1 13 0 4 1 18 4 0 1 21 10 0 1 24 12 0 1 27 0 0 1 0 0 0 1 9 2 12 1 24 0 2 1 18 0 2 1 4 13 0 1 7 9 5 1 29 34 20 1 41 12 17 1 43 25 0 1 45 12 0 1 77 35 29 1 92 60 0 1 73 46 5 1 38 33 0 1 0 0 0 0 32 2 0 1 24 12 0 1 35 17 15 1 23 3 0 1 0 1 3 1 16 28 7 1 6 20 4 1 33 15 27 1 45 16 21 1 52 13 30 1 108 46 58 1
28 0 0 1 43 0 24 1 21 19 5 1 0 0 0 0 58 7 0 1 27 0 5 1 5 29 0 1 46 0 12 1 36 0 17 1 16 22 0 1 16 3 21 1 13 0 9 1 49 18 5 1 3 21 0 1 22 6 0 1 34 25 29 1 15 0 11 1 15 0 0 1 0 0 0 0 37 24 0 1 30 0 0 1 3 3 24 1 18 4 3 1 0 0 0 1 28 14 36 1 18 22 0 1 6 15 6 1 0 0 0 1 9 6 0 1 0 0 4 1 28 13 24 1 17 41 0 1 0 0 10 1 22 6 7 1 0 0 0 0 25 0 11 1 9 10 0 1 41 0 8 1 26 29 7 1 11 0 18 1 25 29 0 1 27 3 15 1 38 7 0 1 18 2 21 1 29 24 1 1 0 0 0 0 67 36 46 1 60 62 23 1 66 63 24 1 62 45 39 1 61 58 0 1 42 11 10 1 43 38 0 1 27 28 19 1 27 9 11 1 0 0 7 1 37 19 0 1 27 6 0 1 23 0 6 1 36 7 8 1 9 0 0 1 63 38 0 1
0 0 0 0 14 0 0 1 41 9 7 1 29 16 0 1 15 11 8 1 0 0 4 1 11 13 8 1 62 3 11 1 18 0 20 1 33 2 0 1 41 0 11 1 22 16 0 1 25 43 13 1 52 21 20 1 21 17 17 1 5 10 0 1 42 17 14 1 39 0 15 1 0 0 0 1 5 9 20 1 26 12 0 1 25 13 0 1 40 0 0 1 25 23 3 1 5 5 0 1 17 9 19 1 0 0 0 0 5 11 8 1 26 4 0 1 21 6 1 1 12 0 19 1 10 0 0 1 11 2 18 1 17 10 0 1 7 18 15 1 17 18 0 1 17 28 0 1 28 17 9 1 9 0 8 1 22 27 0 1 0 0 0 0 27 5 0 1 13 7 0 1 38 16 18 1 34 25 4 1 20 31 0 1 40 24 0 1 63 35 38 1 72 46 13 1 105 69 37 1 84 42 40 1 88 31 31 1 70 36 7 1 83 45 10 1 22 46 15 1 12 0 21 1 36 0 0 1 51 0 0 1 17 16 21 1 25 0 0 1 0 0 0 0 50 0 0 1
10 15 5 1 20 2 9 1 0 0 0 0 18 2 30 1 24 15 19 1 16 16 20 1 9 1 45 1 37 0 2 1 0 14 17 1 18 4 0 1 21 20 8 1 16 19 0 1 27 22 0 1 0 0 0 0 25 4 10 1 9 11 31 1 34 0 7 1 23 7 22 1 29 0 0 1 9 7 26 1 29 12 23 1 24 9 5 1 23 20 7 1 0 0 14 1 25 0 17 1 8 21 0 1 8 13 17 1 31 0 5 1 23 14 14 1 0 0 0 1 8 6 4 1 0 0 0 0 24 8 0 1 1 6 13 1 39 0 0 1 13 0 7 1 12 0 0 1 10 11 9 1 14 0 9 1 20 0 16 1 13 0 0 1 21 15 2 1 26 15 13 1 28 3 18 1 45 28 8 1 44 26 0 1 64 41 17 1 42 22 53 1 90 29 20 1 93 50 40 1 95 84 36 1 96 70 49 1 111 85 54 1 104 77 73 1 92 67 40 1 66 56 41 1 56 20 41 1 0 0 0 0 55 0 0 1 33 6 6 1 44 0 7 1 32 28 0 1
20 16 7 1 28 26 15 1 35 15 23 1 28 0 0 1 12 0 3 1 0 0 0 0 13 0 0 1 19 3 0 1 36 0 22 1 6 11 16 1 30 11 16 1 40 3 0 1 24 10 35 1 30 10 0 1 1 0 0 1 41 3 26 1 39 0 0 1 16 0 13 1 0 0 10 1 12 6 0 1 19 6 0 1 0 9 0 1 16 4 0 1 14 3 11 1 6 20 0 1 0 33 13 1 27 12 0 1 20 6 23 1 14 0 13 1 0 0 0 1 0 0 0 0 0 0 0 0 0 21 0 1 9 0 7 1 32 18 1 1 7 0 29 1 22 14 0 1 17 21 10 1 32 9 6 1 18 12 11 1 8 0 0 1 19 10 38 1 0 0 0 0 43 7 39 1 0 0 0 0 38 5 21 1 60 12 9 1 66 14 29 1 84 45 31 1 90 51 45 1 85 40 16 1 88 48 40 1 123 70 63 1 107 75 57 1 0 0 0 0 118 67 58 1 98 61 38 1 0 0 0 0 62 26 0 1 36 27 10 1 43 11 0 1 28 0 9 1
0 0 0 0 15 5 0 1 24 15 0 1 20 6 11 1 34 11 13 1 41 6 6 1 22 0 9 1 37 8 42 1 30 37 2 1 23 17 4 1 0 8 22 1 0 0 0 1 11 34 0 1 11 15 12 1 23 8 0 1 8 16 0 1 21 4 19 1 15 5 12 1 12 13 2 1 4 7 0 1 20 0 0 1 0 6 6 1 20 37 14 1 13 0 0 1 10 17 0 1 1 11 0 1 13 5 22 1 13 0 5 1 28 0 0 1 31 1 11 1 0 0 0 0 0 0 0 0 24 0 9 1 25 0 10 1 25 0 0 1 0 0 0 0 0 2 17 1 30 16 0 1 0 0 0 0 17 35 8 1 0 0 10 1 18 7 0 1 15 20 48 1 21 2 0 1 32 0 0 1 56 35 0 1 32 24 11 1 50 26 0 1 56 64 43 1 0 0 0 0 114 49 28 1 99 68 49 1 94 72 75 1 95 79 55 1 117 80 75 1 124 82 83 1 0 0 0 0 98 56 52 1 92 41 38 1 81 53 49 1 58 30 34 1 56 36 2 1
33 24 2 1 46 0 2 1 34 1 11 1 32 11 10 1 0 0 0 0 36 5 6 1 28 0 7 1 30 0 13 1 0 0 0 0 31 7 0 1 0 14 18 1 34 9 0 1 10 11 2 1 23 0 0 1 35 0 0 1 0 0 27 1 23 18 6 1 0 15 6 1 31 12 21 1 5 0 5 1 0 0 0 0 32 0 0 1 22 26 15 1 0 0 0 0 12 0 21 1 11 0 0 1 0 0 8 1 7 0 0 1 31 21 0 1 0 2 0 1 20 0 8 1 6 0 0 1 3 4 0 1 15 5 0 1 24 0 0 1 0 4 20 1 10 0 24 1 8 22 0 1 0 0 15 1 30 0 2 1 17 0 0 1 31 3 4 1 7 10 18 1 36 10 9 1 20 16 4 1 41 39 4 1 40 6 0 1 46 15 14 1 61 45 0 1 0 0 0 0 96 24 41 1 86 72 48 1 0 0 0 0 118 82 50 1 137 70 65 1 138 95 87 1 175 150 88 1 146 97 82 1 153 108 88 1 126 116 104 1 116 84 63 1 0 0 0 0
28 6 7 1 30 27 16 1 0 0 0 0 39 0 0 1 25 0 22 1 54 3 14 1 32 10 2 1 5 0 9 1 23 0 32 1 0 0 0 0 42 0 11 1 21 24 0 1 0 0 0 0 12 0 0 1 8 4 1 1 0 1 8 1 4 15 6 1 25 0 28 1 0 0 0 0 15 0 14 1 19 0 5 1 11 2 1 1 0 0 0 0 14 0 0 1 17 0 0 1 0 0 0 0 28 4 12 1 32 10 0 1 42 0 0 1 22 12 0 1 15 2 8 1 8 0 0 1 9 5 6 1 0 0 0 0 21 20 8 1 17 0 0 1 18 3 0 1 30 6 12 1 23 10 10 1 13 5 11 1 0 0 0 0 14 1 0 1 1 0 0 1 35 16 17 1 12 0 25 1 33 4 28 1 26 16 0 1 57 20 0 1 58 37 26 1 48 32 13 1 93 46 25 1 90 70 37 1 79 61 54 1 108 68 50 1 115 63 58 1 119 98 85 1 134 119 95 1 164 140 110 1 0 0 0 0 139 117 100 1 144 113 65 1 89 77 74 1
36 5 39 1 27 0 6 1 46 11 0 1 16 0 19 1 35 0 0 1 9 0 14 1 28 1 36 1 0 0 0 0 46 17 16 1 23 14 0 1 16 5 10 1 17 0 44 1 0 0 0 0 19 25 38 1 19 13 0 1 14 26 23 1 29 22 23 1 4 0 1 1 2 0 0 1 0 14 0 1 0 0 0 1 8 6 23 1 21 6 1 1 7 4 0 1 5 0 15 1 38 13 0 1 0 0 0 0 25 8 22 1 22 3 0 1 34 19 7 1 21 15 0 1 0 7 11 1 0 0 0 0 25 0 0 1 13 19 1 1 15 0 0 1 0 0 0 0 2 6 21 1 0 7 27 1 15 8 20 1 0 13 15 1 0 0 0 0 19 0 3 1 23 24 3 1 13 0 0 1 12 6 0 1 28 24 0 1 42 58 18 1 60 0 0 1 0 0 0 0 62 22 10 1 101 15 4 1 101 53 29 1 137 55 31 1 94 40 37 1 123 83 46 1 126 79 47 1 142 113 99 1 154 110 97 1 136 109 84 1 161 132 80 1 114 102 84 1
45 0 6 1 22 9 10 1 25 0 13 1 45 2 16 1 49 4 17 1 23 0 8 1 0 0 4 1 4 2 10 1 41 8 8 1 1 0 13 1 0 0 20 1 55 0 15 1 0 0 0 0 6 9 18 1 35 16 0 1 14 7 18 1 23 28 0 1 20 8 0 1 36 4 0 1 0 0 0 0 28 0 0 1 1 4 4 1 14 0 18 1 21 0 7 1 17 0 0 1 46 3 10 1 33 0 13 1 11 17 1 1 20 0 21 1 8 0 35 1 2 5 8 1 19 0 0 1 32 0 0 1 4 27 6 1 20 6 26 1 11 2 26 1 0 18 3 1 9 16 10 1 2 0 0 1 25 4 0 1 0 0 0 0 20 0 0 1 0 0 0 0 17 0 0 1 18 16 0 1 11 14 0 1 36 18 4 1 31 1 12 1 41 5 0 1 71 35 8 1 0 0 0 0 64 43 16 1 90 58 13 1 75 86 23 1 116 62 46 1 117 76 53 1 161 65 74 1 123 104 79 1 141 93 81 1 155 122 65 1 164 127 108 1 163 138 136 1
37 0 3 1 34 27 0 1 37 2 10 1 0 0 0 0 27 0 15 1 0 11 28 1 36 1 0 1 0 0 0 1 16 0 25 1 16 0 9 1 0 0 0 0 5 0 4 1 13 9 4 1 10 12 5 1 6 15 0 1 14 2 0 1 20 3 6 1 14 13 0 1 3 19 0 1 25 5 9 1 25 8 4 1 2 9 27 1 10 6 23 1 3 17 0 1 0 9 16 1 15 21 0 1 16 0 16 1 24 0 0 1 0 21 0 1 5 19 13 1 22 2 10 1 7 0 13 1 24 14 9 1 36 3 2 1 35 22 11 1 13 10 0 1 17 28 0 1 31 4 0 1 11 8 7 1 9 24 9 1 0 0 0 0 25 8 23 1 3 0 8 1 19 28 34 1 17 24 1 1 30 11 8 1 6 18 16 1 50 25 10 1 44 28 0 1 68 26 0 1 71 23 20 1 59 30 21 1 76 45 38 1 81 41 40 1 73 53 38 1 88 68 38 1 120 82 70 1 101 99 86 1 173 83 83 1 154 89 68 1 0 0 0 0 138 93 107 1
52 0 0 1 20 15 0 1 0 0 0 0 19 6 15 1 32 7 9 1 14 0 0 1 53 3 28 1 1 0 0 1 14 0 3 1 41 0 0 1 0 3 0 1 0 0 0 1 4 8 3 1 10 0 36 1 11 0 0 1 19 20 0 1 13 0 17 1 0 19 9 1 0 23 0 1 24 0 9 1 0 9 11 1 8 12 0 1 0 0 0 0 14 1 0 1 0 0 0 0 0 13 0 1 0 0 0 0 5 2 1 1 3 0 12 1 25 6 11 1 16 6 40 1 24 0 24 1 26 0 0 1 53 0 19 1 0 14 0 1 26 0 0 1 14 21 11 1 12 0 0 1 25 9 0 1 0 0 4 1 16 0 3 1 15 22 17 1 24 14 23 1 0 21 6 1 0 0 0 0 19 10 0 1 6 0 9 1 31 5 16 1 0 0 0 0 36 45 0 1 67 16 10 1 0 0 0 0 78 31 18 1 99 65 31 1 97 63 5 1 85 72 20 1 93 61 39 1 0 0 0 0 134 105 65 1 149 88 70 1 0 0 0 0 144 113 80 1
19 0 5 1 3 12 13 1 36 14 0 1 9 27 4 1 9 21 11 1 15 12 8 1 0 0 28 1 0 0 1 1 0 0 0 1 4 7 47 1 0 0 0 1 0 21 9 1 17 0 2 1 1 16 18 1 13 0 6 1 20 5 8 1 28 15 0 1 34 17 0 1 0 27 0 1 7 0 0 1 0 0 0 0 14 0 0 1 1 2 3 1 33 0 4 1 16 13 7 1 6 11 20 1 9 6 46 1 18 0 0 1 0 0 0 0 14 3 11 1 11 12 0 1 14 2 8 1 7 0 15 1 11 0 4 1 13 11 2 1 1 22 20 1 0 9 0 1 0 0 0 0 29 0 0 1 14 8 17 1 0 0 0 0 2 3 0 1 21 0 2 1 14 27 6 1 0 0 0 0 0 0 0 0 20 0 10 1 39 14 2 1 49 24 0 1 46 23 5 1 35 12 15 1 64 33 6 1 54 40 28 1 82 41 8 1 71 51 29 1 87 68 30 1 99 73 30 1 78 79 50 1 137 75 43 1 107 80 57 1 137 127 79 1 159 91 93 1
33 0 0 1 26 7 8 1 9 0 17 1 0 0 0 1 7 2 15 1 0 0 0 1 32 0 1 1 0 8 1 1 19 10 17 1 0 0 0 0 0 0 0 1 14 0 0 1 0 11 20 1 8 20 0 1 4 41 4 1 0 0 0 1 15 16 0 1 35 0 8 1 1 0 2 1 1 0 0 1 0 1 0 1 0 6 5 1 18 20 15 1 18 13 17 1 26 0 10 1 40 2 0 1 21 0 10 1 20 0 9 1 41 1 0 1 26 14 23 1 16 0 0 1 2 0 0 1 22 0 13 1 17 11 3 1 26 7 4 1 11 30 24 1 12 0 0 1 12 9 7 1 3 21 3 1 20 13 0 1 25 6 2 1 15 11 0 1 14 5 21 1 9 0 0 1 24 16 3 1 28 19 0 1 47 17 6 1 14 4 11 1 42 0 5 1 34 22 0 1 54 0 0 1 66 49 3 1 82 62 21 1 85 62 54 1 89 47 21 1 103 43 6 1 77 44 50 1 97 64 32 1 120 49 40 1 105 63 56 1 123 79 50 1 125 80 45 1
16 6 9 1 6 9 13 1 11 0 14 1 4 0 3 1 5 8 11 1 0 7 0 1 0 8 0 1 5 0 3 1 0 12 9 1 8 27 3 1 12 14 14 1 0 2 18 1 26 13 29 1 13 0 20 1 0 0 0 1 0 21 20 1 0 14 0 1 24 1 0 1 0 11 13 1 14 7 15 1 33 10 0 1 13 21 0 1 6 19 2 1 3 16 0 1 0 11 20 1 25 32 17 1 25 7 0 1 2 17 0 1 31 46 3 1 0 0 0 0 18 14 3 1 0 0 15 1 13 17 0 1 31 11 0 1 22 9 2 1 0 13 0 1 0 0 0 0 21 18 16 1 5 0 0 1 3 12 0 1 3 0 22 1 25 11 12 1 14 3 0 1 25 22 0 1 0 0 0 0 28 8 0 1 33 3 0 1 45 22 15 1 34 9 0 1 53 0 4 1 61 19 19 1 0 0 0 0 63 31 12 1 69 24 18 1 65 43 18 1 100 54 12 1 74 52 24 1 117 63 43 1 91 52 42 1 0 0 0 0 117 68 35 1 118 65 45 1
29 0 0 1 3 5 1 1 0 0 0 0 33 0 2 1 1 0 0 1 0 0 0 1 0 7 7 1 0 22 0 1 13 11 0 1 15 0 0 1 21 14 2 1 23 0 2 1 19 0 1 1 0 0 3 1 2 17 7 1 0 0 13 1 45 10 0 1 2 26 17 1 0 0 0 0 7 0 0 1 22 32 12 1 21 8 11 1 21 17 22 1 21 7 16 1 48 16 0 1 14 15 19 1 6 3 8 1 11 2 34 1 23 3 18 1 20 26 13 1 24 30 19 1 25 0 21 1 7 17 0 1 4 0 0 1 27 12 12 1 8 39 1 1 32 25 10 1 0 1 0 1 25 0 19 1 5 18 17 1 18 11 1 1 44 31 3 1 25 21 0 1 45 0 14 1 24 8 27 1 50 27 4 1 14 0 16 1 41 41 0 1 61 8 20 1 61 8 41 1 0 0 0 0 73 37 12 1 59 28 1 1 52 18 4 1 52 46 16 1 71 59 39 1 94 53 36 1 86 71 23 1 77 46 50 1 79 57 32 1 99 75 29 1 96 67 41 1
28 0 0 1 15 0 0 1 15 0 0 1 0 4 0 1 22 15 0 1 4 17 2 1 1 5 0 1 21 25 9 1 0 17 0 1 15 1 4 1 0 8 17 1 0 0 0 1 21 0 14 1 10 0 0 1 10 7 0 1 3 0 3 1 8 25 13 1 12 5 19 1 5 0 1 1 34 3 5 1 0 0 0 1 25 0 0 1 11 11 0 1 8 0 10 1 41 10 1 1 0 0 31 1 16 12 0 1 32 23 6 1 0 4 5 1 27 0 25 1 27 15 12 1 28 10 31 1 41 4 0 1 8 0 0 1 29 0 22 1 38 0 13 1 35 0 0 1 15 28 23 1 35 0 4 1 0 9 0 1 9 0 0 1 13 4 0 1 33 18 5 1 0 0 0 0 25 10 20 1 36 4 3 1 46 0 7 1 40 30 22 1 42 13 2 1 53 0 7 1 35 2 5 1 55 21 15 1 72 41 19 1 66 56 29 1 89 46 30 1 78 41 32 1 85 33 31 1 88 67 27 1 97 57 25 1 0 0 0 0 115 59 23 1 93 75 31 1
36 17 0 1 0 0 12 1 14 0 16 1 18 0 0 1 12 0 0 1 0 16 24 1 0 0 0 0 2 0 15 1 0 3 4 1 7 17 0 1 1 3 0 1 8 1 17 1 4 0 37 1 0 0 18 1 0 0 9 1 0 1 0 1 11 13 10 1 18 12 0 1 5 6 0 1 3 0 0 1 23 0 0 1 1 11 13 1 0 2 0 1 0 20 0 1 0 8 0 1 43 0 0 1 6 22 0 1 31 11 0 1 16 17 14 1 0 2 16 1 12 10 8 1 6 0 3 1 23 0 0 1 26 29 0 1 29 26 0 1 0 0 6 1 0 0 6 1 5 0 3 1 14 2 0 1 0 0 11 1 39 15 13 1 0 0 0 0 40 7 15 1 33 9 0 1 24 6 0 1 21 14 0 1 0 0 0 0 34 0 10 1 55 15 27 1 65 0 6 1 64 31 0 1 49 39 13 1 79 21 12 1 94 7 15 1 53 62 40 1 70 76 12 1 59 27 53 1 70 69 16 1 55 64 33 1 0 0 0 0 0 0 0 0 95 55 33 1
30 21 3 1 29 2 10 1 22 0 19 1 15 20 0 1 2 0 1 1 43 15 4 1 31 1 15 1 23 3 0 1 14 13 3 1 30 0 0 1 0 1 23 1 23 10 23 1 9 16 0 1 2 11 0 1 11 0 0 1 0 0 0 1 6 16 4 1 0 0 0 0 2 8 0 1 18 7 7 1 0 3 8 1 0 0 0 0 23 12 4 1 9 3 0 1 20 6 8 1 39 5 0 1 4 5 12 1 7 3 5 1 2 13 23 1 10 0 9 1 22 7 0 1 7 17 0 1 18 16 0 1 33 1 0 1 49 0 0 1 18 0 0 1 15 5 20 1 33 8 0 1 7 12 18 1 23 21 5 1 24 10 4 1 9 0 0 1 22 14 34 1 21 10 0 1 28 0 0 1 44 34 20 1 49 52 7 1 51 7 30 1 33 30 14 1 48 29 0 1 69 23 11 1 81 34 26 1 75 38 22 1 69 51 15 1 0 0 0 0 56 46 8 1 68 30 37 1 102 70 39 1 92 70 41 1 101 43 31 1 69 45 46 1 77 50 25 1
53 23 0 1 66 25 19 1 27 28 0 1 36 12 18 1 24 3 0 1 13 7 18 1 0 0 0 0 4 2 8 1 16 0 13 1 25 13 15 1 14 10 16 1 17 5 0 1 15 0 0 1 0 8 0 1 12 0 15 1 23 19 24 1 11 0 7 1 0 8 0 1 0 5 5 1 13 15 17 1 0 0 0 1 0 0 0 1 0 10 7 1 12 0 0 1 0 0 0 1 0 0 0 1 17 1 27 1 35 6 31 1 21 16 8 1 11 4 20 1 29 9 0 1 6 13 5 1 0 0 10 1 9 0 0 1 13 0 0 1 39 0 27 1 15 2 25 1 36 17 4 1 26 20 0 1 7 0 13 1 12 0 0 1 25 20 17 1 3 6 8 1 0 0 0 0 17 33 3 1 49 13 14 1 35 28 36 1 36 28 5 1 52 27 22 1 68 26 12 1 57 41 23 1 64 38 21 1 67 29 10 1 70 27 9 1 70 44 35 1 61 45 32 1 74 62 10 1 73 51 23 1 45 44 0 1 65 20 22 1 75 48 15 1 80 67 43 1
80 42 4 1 55 26 26 1 50 13 5 1 0 0 0 0 9 14 7 1 28 21 4 1 31 24 0 1 20 0 7 1 18 0 0 1 11 6 0 1 30 12 0 1 26 12 0 1 5 0 0 1 32 7 0 1 15 27 11 1 10 6 0 1 33 0 7 1 8 0 20 1 0 0 0 0 19 19 0 1 6 0 0 1 0 0 0 0 1 8 7 1 0 0 0 0 19 0 3 1 36 19 0 1 31 0 17 1 0 0 0 0 19 26 24 1 32 0 3 1 3 0 18 1 12 16 17 1 22 0 0 1 26 0 0 1 16 7 7 1 13 1 0 1 20 14 4 1 12 10 0 1 8 0 8 1 12 22 22 1 41 30 37 1 19 0 0 1 0 0 0 0 17 8 14 1 43 27 1 1 36 19 0 1 46 27 2 1 51 45 0 1 73 22 9 1 68 40 0 1 53 43 6 1 80 14 15 1 49 11 0 1 51 60 25 1 60 62 40 1 94 65 22 1 87 43 16 1 89 50 47 1 86 56 26 1 82 32 39 1 99 27 61 1 78 60 42 1
91 74 14 1 73 26 28 1 57 21 2 1 56 22 24 1 56 34 14 1 54 19 27 1 2 14 18 1 18 19 8 1 32 15 18 1 9 10 9 1 26 33 0 1 25 0 14 1 24 0 0 1 24 1 0 1 13 3 13 1 8 20 0 1 12 9 5 1 1 0 4 1 5 22 12 1 2 15 0 1 6 20 0 1 9 3 6 1 11 5 11 1 23 18 26 1 0 34 0 1 25 21 4 1 15 4 0 1 35 0 0 1 0 9 19 1 19 20 11 1 31 0 0 1 5 15 0 1 35 3 10 1 0 0 0 1 0 0 0 0 20 0 13 1 29 4 0 1 11 0 2 1 37 6 6 1 48 0 0 1 6 19 0 1 24 7 0 1 34 28 17 1 17 14 12 1 33 0 19 1 21 29 4 1 45 37 21 1 33 43 2 1 46 9 9 1 61 34 30 1 36 33 5 1 54 36 5 1 67 42 0 1 62 20 60 1 89 48 12 1 73 49 41 1 72 69 42 1 95 77 59 1 71 62 30 1 82 56 26 1 84 40 32 1 103 40 57 1
83 77 39 1 80 72 17 1 73 40 24 1 67 59 33 1 0 0 0 0 43 22 14 1 51 1 0 1 33 23 0 1 34 0 3 1 35 0 4 1 54 13 0 1 31 4 9 1 8 0 4 1 45 0 0 1 13 22 0 1 2 0 0 1 31 0 22 1 24 0 6 1 24 7 21 1 7 0 4 1 0 0 0 0 0 0 9 1 42 16 7 1 4 0 12 1 27 5 10 1 17 0 15 1 24 9 15 1 17 2 3 1 36 9 9 1 26 0 0 1 33 0 0 1 27 8 0 1 8 3 14 1 22 0 0 1 18 22 0 1 20 0 0 1 0 0 0 0 36 16 0 1 24 0 0 1 49 0 28 1 33 23 9 1 31 0 0 1 27 43 0 1 34 2 0 1 60 29 0 1 40 9 0 1 27 2 0 1 37 7 5 1 54 49 1 1 52 34 15 1 59 25 23 1 67 34 28 1 51 43 30 1 82 55 39 1 103 43 24 1 87 45 43 1 52 41 0 1 77 57 58 1 97 64 46 1 0 0 0 0 71 18 35 1 75 41 20 1
0 0 0 0 88 58 23 1 81 65 42 1 92 31 32 1 65 47 46 1 65 33 40 1 59 36 12 1 54 15 6 1 28 18 5 1 40 10 2 1 18 12 1 1 23 4 5 1 21 21 8 1 15 11 0 1 6 12 17 1 7 23 16 1 19 0 0 1 22 26 0 1 10 4 0 1 17 3 0 1 27 19 0 1 34 4 9 1 0 11 0 1 33 25 11 1 28 8 0 1 0 0 0 0 28 9 2 1 26 0 19 1 26 28 0 1 32 0 0 1 39 2 0 1 44 2 0 1 18 0 0 1 19 31 21 1 21 3 0 1 6 0 14 1 55 0 0 1 24 7 11 1 33 15 15 1 33 0 18 1 32 0 0 1 32 13 4 1 55 19 1 1 18 33 0 1 37 1 12 1 34 27 4 1 46 17 15 1 35 5 16 1 51 29 12 1 47 16 4 1 48 4 24 1 71 22 10 1 75 58 30 1 65 44 16 1 68 39 13 1 52 45 9 1 72 48 35 1 91 54 36 1 71 47 39 1 0 0 0 0 68 53 36 1 104 61 42 1
130 53 54 1 123 83 58 1 89 62 36 1 88 39 32 1 78 40 27 1 59 25 10 1 65 23 10 1 44 31 25 1 51 17 4 1 0 0 0 0 43 8 0 1 59 40 16 1 27 24 6 1 50 9 4 1 33 3 10 1 28 21 0 1 37 3 5 1 33 0 9 1 19 0 3 1 25 13 0 1 46 0 4 1 17 6 13 1 16 3 7 1 19 3 0 1 9 17 20 1 19 5 14 1 22 0 0 1 19 21 11 1 23 8 12 1 38 7 10 1 29 18 21 1 47 15 0 1 9 10 0 1 28 0 0 1 38 25 11 1 0 0 0 0 17 20 0 1 17 5 0 1 39 0 0 1 39 17 4 1 29 9 1 1 39 23 10 1 41 30 0 1 56 18 0 1 27 31 0 1 29 47 24 1 70 21 10 1 48 42 2 1 78 34 15 1 59 38 17 1 85 34 6 1 53 16 1 1 79 59 0 1 104 51 5 1 59 46 11 1 77 59 64 1 0 0 0 0 63 29 49 1 71 53 28 1 95 35 19 1 67 39 13 1 103 71 40 1
116 98 86 1 127 67 54 1 99 86 41 1 126 71 43 1 85 50 30 1 97 34 23 1 91 48 32 1 0 0 0 0 73 41 25 1 48 18 21 1 67 48 35 1 60 25 10 1 45 17 0 1 37 30 3 1 33 26 0 1 43 9 7 1 34 19 12 1 0 0 0 0 0 0 0 0 18 3 2 1 32 23 20 1 57 17 5 1 18 32 8 1 0 17 0 1 33 0 0 1 0 0 0 0 0 0 0 0 25 19 15 1 45 20 15 1 25 0 0 1 15 17 14 1 45 6 12 1 44 2 12 1 0 0 0 0 41 5 0 1 59 2 0 1 44 14 7 1 33 11 4 1 46 10 4 1 39 0 6 1 42 9 22 1 26 33 0 1 58 23 31 1 59 32 0 1 37 15 8 1 0 0 0 0 61 6 7 1 56 13 8 1 47 30 0 1 0 0 0 0 60 46 22 1 0 0 0 0 63 40 3 1 69 14 9 1 66 51 14 1 65 41 14 1 73 57 12 1 99 41 81 1 79 53 55 1 78 58 2 1 0 0 0 0 103 50 22 1
121 83 56 1 0 0 0 0 131 104 49 1 132 57 33 1 111 82 34 1 96 45 44 1 110 78 18 1 80 41 26 1 90 59 10 1 68 51 28 1 72 24 12 1 70 31 0 1 63 3 9 1 59 42 15 1 65 24 15 1 19 24 28 1 50 26 0 1 0 0 0 0 42 27 0 1 70 26 21 1 32 19 30 1 22 8 15 1 42 14 0 1 52 8 32 1 42 8 18 1 0 0 0 0 0 0 0 0 13 26 12 1 18 5 0 1 30 11 34 1 22 34 5 1 33 0 0 1 33 1 7 1 19 4 0 1 32 16 19 1 36 23 0 1 40 16 0 1 0 0 0 0 36 16 12 1 27 14 13 1 26 29 0 1 68 10 21 1 0 0 0 0 39 20 18 1 42 26 0 1 65 42 19 1 76 36 14 1 46 11 10 1 77 46 24 1 62 41 16 1 34 33 16 1 35 52 0 1 51 39 8 1 64 45 5 1 76 54 23 1 94 21 27 1 66 51 50 1 82 68 23 1 76 45 0 1 50 61 16 1 79 45 18 1 90 59 36 1
151 86 54 1 136 112 89 1 145 103 65 1 123 86 48 1 123 69 33 1 106 68 49 1 104 81 26 1 104 45 27 1 61 64 9 1 67 41 21 1 0 0 0 0 84 50 7 1 86 19 34 1 50 25 31 1 0 0 0 0 69 17 31 1 65 18 0 1 11 0 25 1 25 33 10 1 49 9 22 1 89 19 17 1 56 6 36 1 53 9 12 1 0 0 0 0 58 17 11 1 34 25 0 1 31 24 0 1 25 12 22 1 26 30 10 1 10 27 0 1 34 2 12 1 21 13 0 1 34 7 13 1 30 0 0 1 28 44 0 1 40 0 15 1 37 18 1 1 53 22 16 1 53 26 0 1 64 0 23 1 0 0 0 0 60 13 23 1 19 16 18 1 40 30 1 1 83 40 9 1 47 34 29 1 47 26 18 1 31 40 23 1 29 59 20 1 0 0 0 0 77 43 2 1 55 18 29 1 84 25 4 1 63 40 6 1 60 26 13 1 74 64 20 1 86 58 33 1 52 50 35 1 96 37 5 1 75 74 20 1 0 0 0 0 112 60 46 1
124 122 77 1 132 95 73 1 130 102 50 1 156 76 52 1 102 83 59 1 99 118 46 1 133 92 32 1 110 68 53 1 88 58 39 1 83 38 32 1 88 43 9 1 67 60 7 1 69 26 22 1 68 38 23 1 37 48 8 1 48 27 15 1 58 13 35 1 36 24 16 1 0 0 0 0 47 30 14 1 63 23 16 1 63 33 0 1 69 3 21 1 41 19 12 1 0 0 0 0 0 0 0 0 0 0 0 0 42 2 22 1 41 3 0 1 30 4 17 1 28 8 8 1 32 0 0 1 31 0 18 1 36 6 17 1 0 0 0 0 40 14 0 1 43 12 0 1 44 16 3 1 51 0 0 1 43 42 13 1 52 22 5 1 71 24 12 1 43 0 0 1 39 8 0 1 64 11 17 1 61 31 36 1 51 27 6 1 0 0 0 0 67 70 7 1 49 21 30 1 73 32 3 1 68 60 27 1 69 38 31 1 51 51 6 1 68 64 0 1 79 33 43 1 77 33 34 1 68 38 19 1 99 39 24 1 80 56 17 1 69 59 31 1 62 76 46 1
130 105 109 1 127 108 75 1 147 76 70 1 131 99 79 1 105 99 83 1 135 93 66 1 126 68 62 1 118 84 69 1 95 64 41 1 0 0 0 0 92 64 30 1 0 0 0 0 0 0 0 0 61 49 17 1 62 46 4 1 59 38 14 1 66 38 16 1 31 30 24 1 0 0 0 0 47 28 6 1 53 23 8 1 59 9 26 1 46 34 6 1 58 16 13 1 22 0 20 1 0 0 0 0 59 0 14 1 33 36 11 1 43 20 2 1 42 19 3 1 9 39 1 1 42 17 13 1 34 36 17 1 42 16 13 1 42 0 0 1 55 15 23 1 59 11 12 1 50 45 10 1 55 0 0 1 26 7 3 1 50 34 20 1 60 4 6 1 0 0 0 0 44 0 23 1 53 17 26 1 64 30 0 1 38 24 19 1 53 36 0 1 46 14 21 1 32 17 1 1 26 10 25 1 53 61 24 1 66 26 26 1 63 32 26 1 66 19 13 1 48 42 27 1 60 16 35 1 75 20 6 1 0 0 0 0 51 48 30 1 64 35 20 1 71 42 35 1
156 118 74 1 163 90 75 1 0 0 0 0 131 84 57 1 148 105 70 1 146 86 56 1 120 77 65 1 117 68 38 1 120 70 25 1 104 77 37 1 0 0 0 0 86 59 37 1 82 66 0 1 79 49 22 1 82 59 24 1 76 42 24 1 69 48 1 1 86 35 36 1 61 24 27 1 53 17 8 1 81 25 11 1 45 35 30 1 59 42 4 1 62 25 3 1 70 48 10 1 48 32 12 1 0 0 0 0 0 0 0 0 59 23 0 1 33 30 30 1 26 21 21 1 46 26 1 1 0 0 0 0 52 24 18 1 39 8 18 1 45 16 34 1 24 17 9 1 38 32 29 1 61 37 0 1 57 31 18 1 64 25 10 1 54 21 6 1 54 15 15 1 50 29 24 1 50 31 37 1 45 18 5 1 63 24 15 1 52 49 8 1 0 0 0 0 36 25 22 1 48 14 4 1 48 22 29 1 56 19 21 1 45 21 8 1 59 21 30 1 49 32 0 1 46 22 5 1 71 14 16 1 72 58 32 1 48 34 8 1 41 26 4 1 56 36 28 1
123 120 62 1 135 120 74 1 127 111 66 1 127 87 42 1 148 65 37 1 117 75 58 1 139 78 61 1 126 84 49 1 0 0 0 0 100 72 29 1 101 72 59 1 0 0 0 0 88 40 54 1 95 70 55 1 71 72 38 1 64 48 11 1 82 44 31 1 77 45 39 1 85 25 18 1 73 12 38 1 64 17 50 1 0 0 0 0 48 47 22 1 62 47 34 1 55 23 43 1 39 31 35 1 0 0 0 0 56 26 47 1 29 30 38 1 48 31 0 1 58 41 15 1 74 4 20 1 65 20 17 1 46 29 0 1 43 24 19 1 58 13 5 1 35 27 22 1 40 22 0 1 37 16 17 1 40 13 5 1 63 6 33 1 49 32 20 1 49 29 24 1 61 21 22 1 0 0 0 0 28 0 16 1 50 8 41 1 41 48 21 1 38 5 9 1 39 22 23 1 64 46 12 1 63 14 18 1 0 0 0 0 40 11 22 1 51 0 7 1 37 4 1 1 28 24 8 1 54 20 15 1 52 22 0 1 64 24 4 1 62 20 0 1 72 21 23 1
99 64 69 1 93 64 43 1 0 0 0 0 101 94 24 1 133 83 39 1 114 56 26 1 0 0 0 0 0 0 0 0 152 76 55 1 105 71 42 1 96 60 1 1 60 32 12 1 64 64 26 1 82 76 23 1 86 88 8 1 88 22 9 1 81 46 0 1 109 43 9 1 79 39 18 1 59 55 20 1 69 33 23 1 58 22 25 1 86 77 0 1 75 2 2 1 57 15 5 1 66 20 20 1 52 43 5 1 62 10 2 1 55 34 9 1 40 10 5 1 44 4 0 1 40 22 6 1 51 26 1 1 50 14 21 1 92 64 15 1 0 0 0 0 42 48 27 1 71 41 38 1 0 0 0 0 95 32 16 1 53 35 5 1 51 28 22 1 45 27 7 1 64 10 1 1 46 23 0 1 71 22 16 1 49 16 2 1 52 21 0 1 59 28 13 1 51 22 3 1 32 18 19 1 26 6 16 1 24 43 13 1 18 10 0 1 58 9 5 1 71 8 0 1 48 39 29 1 31 34 20 1 21 15 15 1 53 25 23 1 0 0 0 0 42 20 0 1
94 55 22 1 101 66 23 1 110 77 76 1 120 87 47 1 112 80 30 1 109 58 53 1 89 94 35 1 92 56 36 1 0 0 0 0 102 50 25 1 82 49 34 1 92 13 24 1 83 61 34 1 82 41 14 1 89 46 19 1 89 45 0 1 66 30 14 1 64 56 28 1 58 34 17 1 91 31 15 1 77 50 19 1 99 51 32 1 81 67 44 1 109 26 16 1 95 59 7 1 65 40 18 1 46 63 22 1 92 19 8 1 57 35 5 1 46 33 6 1 67 23 11 1 50 17 18 1 63 13 32 1 66 37 34 1 55 40 19 1 82 13 31 1 45 15 18 1 38 33 0 1 53 30 2 1 61 29 24 1 61 21 0 1 66 18 12 1 0 0 0 0 59 44 5 1 77 32 5 1 34 30 23 1 45 27 23 1 36 32 13 1 47 31 0 1 74 16 0 1 46 0 0 1 41 2 31 1 34 26 9 1 20 16 0 1 52 23 22 1 32 1 2 1 31 0 2 1 43 5 8 1 41 0 0 1 19 0 21 1 29 31 5 1 68 11 9 1
77 43 5 1 67 52 18 1 0 0 0 0 81 42 10 1 99 66 12 1 81 50 27 1 97 58 42 1 0 0 0 0 0 0 0 0 81 61 32 1 70 58 14 1 56 60 18 1 59 48 32 1 72 44 5 1 68 53 20 1 90 42 13 1 70 49 42 1 70 43 26 1 91 80 52 1 99 44 30 1 50 32 50 1 0 0 0 0 67 59 59 1 103 43 29 1 62 31 7 1 58 10 34 1 75 44 36 1 45 58 9 1 65 13 19 1 62 26 13 1 66 30 0 1 63 42 19 1 55 30 17 1 42 45 44 1 59 18 24 1 63 12 17 1 36 19 28 1 62 16 20 1 48 36 16 1 67 31 30 1 75 48 9 1 39 35 23 1 40 10 7 1 44 15 13 1 54 31 3 1 55 47 36 1 0 0 0 0 43 12 16 1 48 29 24 1 28 34 17 1 54 4 0 1 7 32 18 1 52 9 0 1 32 19 0 1 40 19 0 1 34 19 26 1 0 0 0 0 33 12 30 1 32 0 0 1 17 9 8 1 18 34 0 1 34 29 8 1
61 19 21 1 61 23 4 1 50 15 3 1 0 0 0 0 79 24 9 1 82 19 3 1 78 35 3 1 66 44 7 1 53 28 22 1 74 50 26 1 77 59 23 1 82 43 20 1 88 52 22 1 54 63 15 1 81 57 56 1 86 56 33 1 94 51 47 1 79 37 9 1 92 49 37 1 77 57 19 1 70 37 34 1 72 39 15 1 87 37 25 1 87 37 37 1 59 23 24 1 0 0 0 0 75 45 52 1 68 25 18 1 86 35 18 1 0 0 0 0 55 44 19 1 0 0 0 0 0 0 0 0 43 41 43 1 57 41 31 1 66 35 45 1 46 26 31 1 59 25 29 1 67 38 12 1 44 32 22 1 56 54 30 1 43 13 14 1 39 36 21 1 42 17 0 1 35 35 18 1 55 3 21 1 44 24 0 1 31 24 14 1 49 29 19 1 76 44 31 1 60 36 21 1 55 6 11 1 44 0 0 1 13 0 0 1 0 0 0 0 38 1 0 1 30 7 0 1 24 10 0 1 34 22 3 1 17 18 0 1 30 19 2 1 11 2 0 1
80 14 11 1 62 11 14 1 86 13 8 1 66 22 20 1 70 28 17 1 64 12 5 1 63 7 0 1 41 24 11 1 73 17 26 1 35 22 11 1 0 0 0 0 51 23 7 1 73 18 23 1 52 12 19 1 65 63 20 1 68 44 37 1 0 0 0 0 62 45 42 1 70 34 37 1 90 65 42 1 0 0 0 0 66 12 50 1 67 30 35 1 75 72 34 1 23 30 20 1 63 31 30 1 69 47 47 1 38 59 30 1 74 60 23 1 38 48 53 1 52 30 24 1 69 59 29 1 0 0 0 0 73 42 12 1 44 27 22 1 74 45 37 1 72 20 18 1 47 35 28 1 58 37 27 1 40 41 33 1 44 44 1 1 63 30 0 1 37 33 37 1 33 29 0 1 52 30 26 1 33 27 5 1 35 53 45 1 55 28 11 1 55 51 48 1 58 49 29 1 69 28 23 1 27 19 5 1 42 0 23 1 20 2 0 1 21 9 0 1 2 0 27 1 25 0 12 1 0 0 0 0 6 0 4 1 32 0 0 1 2 14 14 1 10 25 0 1
70 16 8 1 42 0 0 1 56 0 9 1 77 4 5 1 57 28 0 1 43 7 25 1 56 30 14 1 40 4 0 1 42 18 45 1 23 0 0 1 43 0 0 1 37 4 0 1 0 0 0 0 37 0 7 1 34 3 0 1 61 8 4 1 26 0 1 1 56 33 23 1 69 48 0 1 28 0 0 1 58 31 5 1 42 4 11 1 56 35 29 1 65 13 25 1 50 26 11 1 62 14 0 1 54 42 33 1 27 49 19 1 0 0 0 0 55 15 15 1 45 27 11 1 0 0 0 0 35 12 3 1 43 37 26 1 33 43 26 1 48 2 24 1 47 18 33 1 34 0 4 1 58 23 13 1 0 0 0 0 53 15 29 1 33 35 0 1 37 0 18 1 36 31 0 1 40 25 8 1 43 3 22 1 0 0 0 0 34 15 33 1 56 45 25 1 50 27 1 1 5 2 12 1 39 17 0 1 32 7 17 1 25 0 0 1 38 22 6 1 43 0 0 1 18 7 17 1 36 21 6 1 36 2 19 1 0 22 0 1 32 1 5 1 14 0 0 1
63 0 0 1 60 27 5 1 0 0 0 0 72 36 0 1 80 23 10 1 60 14 20 1 89 0 10 1 84 11 0 1 63 7 33 1 71 0 24 1 54 14 0 1 42 19 0 1 63 10 5 1 55 3 8 1 60 23 0 1 60 2 4 1 0 0 0 0 40 0 2 1 53 0 0 1 36 0 9 1 45 32 0 1 67 5 4 1 29 12 0 1 15 22 14 1 52 16 0 1 34 0 0 1 28 25 0 1 63 14 7 1 29 19 27 1 36 2 13 1 42 12 4 1 13 7 1 1 35 3 0 1 23 7 7 1 39 18 29 1 23 0 19 1 58 31 11 1 50 21 26 1 37 0 18 1 8 0 0 1 27 23 0 1 9 0 0 1 34 0 0 1 11 0 21 1 8 4 13 1 31 18 1 1 27 0 0 1 39 34 6 1 17 7 0 1 43 0 0 1 5 0 0 1 14 0 0 1 26 22 8 1 0 0 0 0 0 0 0 0 12 22 0 1 3 0 22 1 0 20 7 1 20 8 0 1 23 25 11 1 21 16 16 1 1 18 9 1
136 35 3 1 112 41 28 1 0 0 0 0 104 21 43 1 102 21 14 1 96 18 25 1 82 11 13 1 56 0 9 1 83 27 21 1 57 23 0 1 50 33 0 1 59 12 0 1 58 10 2 1 40 6 0 1 45 2 0 1 41 22 2 1 44 0 0 1 33 0 10 1 51 0 12 1 21 0 0 1 34 24 14 1 31 0 0 1 56 19 19 1 25 14 11 1 25 21 8 1 7 0 13 1 7 0 9 1 22 0 0 1 31 5 0 1 57 9 0 1 22 0 16 1 18 0 1 1 26 17 10 1 23 0 0 1 5 0 35 1 14 21 0 1 0 0 9 1 22 20 4 1 23 30 2 1 3 16 0 1 23 8 16 1 8 27 0 1 19 8 15 1 37 3 4 1 37 12 7 1 0 0 0 0 25 7 4 1 19 18 0 1 32 30 13 1 9 0 17 1 21 7 5 1 18 7 9 1 23 2 24 1 22 0 0 1 10 13 34 1 0 16 0 1 20 14 0 1 6 18 11 1 6 0 0 1 0 0 16 1 1 0 0 1 6 0 24 1
